96																			
LV	STR	Dex	CON	WIS	INT	CHA	기본 HP	기본 MP	기본 SP	기본 AC	기본 AR	기본 DR	FIRE	WATER	EARTH	AIR	MAGIC	최소 데미지	최대 데미지
1 	17.00 	12.00 	15.00 	6.00 	6.00 	10.00 	120 	32 	65 	3 	0 	0 	0 	0 	0 	0 	0 	0 	0 
2 	18.00 	13.00 	16.00 	6.00 	7.00 	11.00 	128 	32 	70 	3 	0 	0 	0 	0 	0 	0 	0 	0 	0 
3 	20.00 	14.00 	17.00 	7.00 	7.00 	11.00 	136 	38 	75 	3 	0 	0 	0 	0 	0 	0 	0 	0 	0 
4 	21.00 	15.00 	18.00 	7.00 	8.00 	12.00 	144 	38 	81 	3 	0 	0 	0 	0 	0 	0 	0 	0 	0 
5 	22.00 	16.00 	19.00 	7.00 	8.00 	12.00 	152 	38 	86 	3 	0 	0 	0 	0 	0 	0 	0 	0 	0 
6 	24.00 	18.00 	20.00 	8.00 	9.00 	13.00 	160 	43 	97 	3 	0 	0 	0 	0 	0 	0 	0 	0 	0 
7 	26.00 	19.00 	21.00 	8.00 	10.00 	13.00 	168 	43 	102 	3 	0 	0 	0 	0 	0 	0 	0 	0 	0 
8 	28.00 	21.00 	23.00 	9.00 	10.00 	14.00 	184 	48 	113 	3 	0 	0 	0 	0 	0 	0 	0 	0 	0 
9 	30.00 	22.00 	24.00 	9.00 	11.00 	14.00 	192 	48 	118 	3 	0 	0 	0 	0 	0 	0 	0 	0 	0 
10 	32.00 	24.00 	26.00 	10.00 	12.00 	15.00 	208 	54 	129 	3 	0 	0 	0 	0 	0 	0 	0 	0 	0 
11 	34.00 	26.00 	28.00 	10.00 	13.00 	15.00 	224 	54 	140 	3 	0 	0 	0 	0 	0 	0 	0 	0 	0 
12 	36.00 	28.00 	29.00 	11.00 	14.00 	16.00 	232 	59 	151 	3 	0 	0 	0 	0 	0 	0 	0 	0 	0 
13 	39.00 	30.00 	31.00 	11.00 	15.00 	16.00 	248 	59 	162 	3 	0 	0 	0 	0 	0 	0 	0 	0 	0 
14 	41.00 	32.00 	33.00 	12.00 	16.00 	17.00 	264 	65 	172 	3 	0 	0 	0 	0 	0 	0 	0 	0 	0 
15 	44.00 	34.00 	35.00 	12.00 	17.00 	17.00 	280 	65 	183 	3 	0 	0 	0 	0 	0 	0 	0 	0 	0 
16 	46.00 	36.00 	37.00 	13.00 	18.00 	18.00 	296 	70 	194 	4 	0 	0 	0 	0 	0 	0 	0 	0 	0 
17 	49.00 	38.00 	39.00 	14.00 	20.00 	18.00 	312 	75 	205 	4 	0 	0 	0 	0 	0 	0 	0 	0 	0 
18 	52.00 	41.00 	41.00 	14.00 	21.00 	19.00 	328 	75 	221 	4 	0 	0 	0 	0 	0 	0 	0 	0 	0 
19 	55.00 	43.00 	43.00 	15.00 	22.00 	19.00 	344 	81 	232 	4 	0 	0 	0 	0 	0 	0 	0 	0 	0 
20 	58.00 	46.00 	45.00 	16.00 	23.00 	20.00 	360 	86 	248 	4 	0 	0 	0 	0 	0 	0 	0 	0 	0 
21 	61.00 	48.00 	47.00 	17.00 	24.00 	20.00 	376 	92 	258 	4 	0 	0 	0 	0 	0 	0 	0 	0 	0 
22 	64.00 	51.00 	50.00 	17.00 	26.00 	21.00 	400 	92 	275 	4 	0 	0 	0 	0 	0 	0 	0 	0 	0 
23 	67.00 	53.00 	52.00 	18.00 	27.00 	21.00 	416 	97 	285 	4 	0 	0 	0 	0 	0 	0 	0 	0 	0 
24 	70.00 	56.00 	55.00 	19.00 	28.00 	22.00 	440 	102 	302 	4 	0 	0 	0 	0 	0 	0 	0 	0 	0 
25 	73.00 	59.00 	57.00 	20.00 	30.00 	22.00 	456 	108 	318 	4 	0 	0 	0 	0 	0 	0 	0 	0 	0 
26 	77.00 	61.00 	59.00 	20.00 	31.00 	23.00 	472 	108 	328 	4 	0 	0 	0 	0 	0 	0 	0 	0 	0 
27 	80.00 	64.00 	62.00 	21.00 	33.00 	23.00 	496 	113 	345 	4 	0 	0 	0 	0 	0 	0 	0 	0 	0 
28 	84.00 	67.00 	65.00 	22.00 	34.00 	24.00 	520 	118 	361 	4 	0 	0 	0 	0 	0 	0 	0 	0 	0 
29 	87.00 	70.00 	67.00 	23.00 	36.00 	24.00 	536 	124 	377 	4 	0 	0 	0 	0 	0 	0 	0 	0 	0 
30 	91.00 	73.00 	70.00 	24.00 	37.00 	25.00 	560 	129 	393 	4 	0 	0 	0 	0 	0 	0 	0 	0 	0 
31 	94.00 	76.00 	73.00 	25.00 	39.00 	25.00 	584 	135 	409 	4 	0 	0 	0 	0 	0 	0 	0 	0 	0 
32 	98.00 	79.00 	75.00 	26.00 	40.00 	26.00 	600 	140 	425 	4 	0 	0 	0 	0 	0 	0 	0 	0 	0 
33 	102.00 	82.00 	78.00 	26.00 	42.00 	26.00 	624 	140 	442 	4 	0 	0 	0 	0 	0 	0 	0 	0 	0 
34 	106.00 	85.00 	81.00 	27.00 	43.00 	27.00 	648 	145 	458 	4 	0 	0 	0 	0 	0 	0 	0 	0 	0 
35 	110.00 	88.00 	84.00 	28.00 	45.00 	27.00 	672 	151 	474 	4 	0 	0 	0 	0 	0 	0 	0 	0 	0 
36 	114.00 	92.00 	87.00 	29.00 	47.00 	28.00 	696 	156 	495 	4 	0 	0 	0 	0 	0 	0 	0 	0 	0 
37 	117.00 	95.00 	90.00 	30.00 	48.00 	28.00 	720 	162 	512 	4 	0 	0 	0 	0 	0 	0 	0 	0 	0 
38 	121.00 	98.00 	93.00 	31.00 	50.00 	29.00 	744 	167 	528 	4 	0 	0 	0 	0 	0 	0 	0 	0 	0 
39 	126.00 	101.00 	96.00 	32.00 	52.00 	29.00 	768 	172 	544 	4 	0 	0 	0 	0 	0 	0 	0 	0 	0 
40 	130.00 	105.00 	99.00 	33.00 	54.00 	30.00 	792 	178 	565 	5 	0 	0 	0 	0 	0 	0 	0 	0 	0 
41 	134.00 	108.00 	102.00 	34.00 	55.00 	30.00 	816 	183 	582 	5 	0 	0 	0 	0 	0 	0 	0 	0 	0 
42 	138.00 	112.00 	105.00 	35.00 	57.00 	31.00 	840 	188 	603 	5 	0 	0 	0 	0 	0 	0 	0 	0 	0 
43 	142.00 	115.00 	108.00 	36.00 	59.00 	31.00 	864 	194 	619 	5 	0 	0 	0 	0 	0 	0 	0 	0 	0 
44 	147.00 	119.00 	111.00 	37.00 	61.00 	32.00 	888 	199 	641 	5 	0 	0 	0 	0 	0 	0 	0 	0 	0 
45 	151.00 	122.00 	115.00 	38.00 	63.00 	32.00 	920 	205 	657 	5 	0 	0 	0 	0 	0 	0 	0 	0 	0 
46 	155.00 	126.00 	118.00 	39.00 	64.00 	33.00 	944 	210 	678 	5 	0 	0 	0 	0 	0 	0 	0 	0 	0 
47 	160.00 	130.00 	121.00 	40.00 	66.00 	33.00 	968 	215 	700 	5 	0 	0 	0 	0 	0 	0 	0 	0 	0 
48 	164.00 	133.00 	125.00 	42.00 	68.00 	34.00 	1000 	226 	716 	5 	0 	0 	0 	0 	0 	0 	0 	0 	0 
49 	169.00 	137.00 	128.00 	43.00 	70.00 	34.00 	1024 	232 	738 	5 	0 	0 	0 	0 	0 	0 	0 	0 	0 
50 	173.00 	141.00 	131.00 	44.00 	72.00 	35.00 	1048 	237 	759 	5 	0 	0 	0 	0 	0 	0 	0 	0 	0 
51 	178.00 	145.00 	135.00 	45.00 	74.00 	35.00 	1080 	242 	781 	5 	0 	0 	0 	0 	0 	0 	0 	0 	0 
52 	183.00 	149.00 	138.00 	46.00 	76.00 	36.00 	1104 	248 	802 	5 	0 	0 	0 	0 	0 	0 	0 	0 	0 
53 	187.00 	152.00 	142.00 	47.00 	78.00 	36.00 	1136 	253 	818 	5 	0 	0 	0 	0 	0 	0 	0 	0 	0 
54 	192.00 	156.00 	145.00 	48.00 	80.00 	37.00 	1160 	258 	840 	5 	0 	0 	0 	0 	0 	0 	0 	0 	0 
55 	197.00 	160.00 	149.00 	49.00 	82.00 	37.00 	1192 	264 	862 	5 	0 	0 	0 	0 	0 	0 	0 	0 	0 
56 	202.00 	164.00 	152.00 	51.00 	84.00 	38.00 	1216 	275 	883 	5 	0 	0 	0 	0 	0 	0 	0 	0 	0 
57 	207.00 	168.00 	156.00 	52.00 	86.00 	38.00 	1248 	280 	905 	5 	0 	0 	0 	0 	0 	0 	0 	0 	0 
58 	212.00 	172.00 	160.00 	53.00 	88.00 	39.00 	1280 	285 	926 	5 	0 	0 	0 	0 	0 	0 	0 	0 	0 
59 	217.00 	176.00 	163.00 	54.00 	90.00 	39.00 	1304 	291 	948 	6 	0 	0 	0 	0 	0 	0 	0 	0 	0 
60 	221.00 	181.00 	167.00 	55.00 	92.00 	40.00 	1336 	296 	975 	6 	0 	0 	0 	0 	0 	0 	0 	0 	0 
61 	227.00 	185.00 	171.00 	57.00 	94.00 	40.00 	1368 	307 	996 	6 	0 	0 	0 	0 	0 	0 	0 	0 	0 
62 	232.00 	189.00 	175.00 	58.00 	97.00 	41.00 	1400 	312 	1018 	6 	0 	0 	0 	0 	0 	0 	0 	0 	0 
63 	237.00 	193.00 	178.00 	59.00 	99.00 	41.00 	1424 	318 	1039 	6 	0 	0 	0 	0 	0 	0 	0 	0 	0 
64 	242.00 	197.00 	182.00 	60.00 	101.00 	42.00 	1456 	323 	1061 	6 	0 	0 	0 	0 	0 	0 	0 	0 	0 
65 	247.00 	202.00 	186.00 	61.00 	103.00 	42.00 	1488 	328 	1088 	6 	0 	0 	0 	0 	0 	0 	0 	0 	0 
66 	252.00 	206.00 	190.00 	63.00 	105.00 	43.00 	1520 	339 	1109 	6 	0 	0 	0 	0 	0 	0 	0 	0 	0 
67 	258.00 	210.00 	194.00 	64.00 	108.00 	43.00 	1552 	345 	1131 	6 	0 	0 	0 	0 	0 	0 	0 	0 	0 
68 	263.00 	215.00 	198.00 	65.00 	110.00 	44.00 	1584 	350 	1158 	6 	0 	0 	0 	0 	0 	0 	0 	0 	0 
69 	268.00 	219.00 	202.00 	67.00 	112.00 	44.00 	1616 	361 	1179 	6 	0 	0 	0 	0 	0 	0 	0 	0 	0 
70 	273.00 	223.00 	206.00 	68.00 	114.00 	45.00 	1648 	366 	1201 	6 	0 	0 	0 	0 	0 	0 	0 	0 	0 
71 	279.00 	228.00 	210.00 	69.00 	117.00 	45.00 	1680 	372 	1228 	6 	0 	0 	0 	0 	0 	0 	0 	0 	0 
72 	284.00 	232.00 	214.00 	70.00 	119.00 	46.00 	1712 	377 	1249 	6 	0 	0 	0 	0 	0 	0 	0 	0 	0 
73 	290.00 	237.00 	218.00 	72.00 	121.00 	46.00 	1744 	388 	1276 	6 	0 	0 	0 	0 	0 	0 	0 	0 	0 
74 	295.00 	241.00 	222.00 	73.00 	123.00 	47.00 	1776 	393 	1298 	6 	0 	0 	0 	0 	0 	0 	0 	0 	0 
75 	301.00 	246.00 	226.00 	74.00 	126.00 	47.00 	1808 	398 	1325 	7 	0 	0 	0 	0 	0 	0 	0 	0 	0 
76 	306.00 	251.00 	230.00 	76.00 	128.00 	48.00 	1840 	409 	1352 	7 	0 	0 	0 	0 	0 	0 	0 	0 	0 
77 	312.00 	255.00 	234.00 	77.00 	131.00 	48.00 	1872 	415 	1373 	7 	0 	0 	0 	0 	0 	0 	0 	0 	0 
78 	318.00 	260.00 	239.00 	79.00 	133.00 	49.00 	1912 	425 	1400 	7 	0 	0 	0 	0 	0 	0 	0 	0 	0 
79 	323.00 	265.00 	243.00 	80.00 	135.00 	49.00 	1944 	431 	1427 	7 	0 	0 	0 	0 	0 	0 	0 	0 	0 
80 	329.00 	269.00 	247.00 	81.00 	138.00 	50.00 	1976 	436 	1448 	7 	0 	0 	0 	0 	0 	0 	0 	0 	0 
81 	335.00 	274.00 	251.00 	83.00 	140.00 	50.00 	2008 	447 	1475 	7 	0 	0 	0 	0 	0 	0 	0 	0 	0 
82 	341.00 	279.00 	256.00 	84.00 	143.00 	51.00 	2048 	452 	1502 	7 	0 	0 	0 	0 	0 	0 	0 	0 	0 
83 	346.00 	284.00 	260.00 	85.00 	145.00 	51.00 	2080 	458 	1529 	7 	0 	0 	0 	0 	0 	0 	0 	0 	0 
84 	352.00 	288.00 	264.00 	87.00 	148.00 	52.00 	2112 	468 	1551 	7 	0 	0 	0 	0 	0 	0 	0 	0 	0 
85 	358.00 	293.00 	269.00 	88.00 	150.00 	52.00 	2152 	474 	1578 	7 	0 	0 	0 	0 	0 	0 	0 	0 	0 
86 	364.00 	298.00 	273.00 	90.00 	153.00 	53.00 	2184 	485 	1605 	7 	0 	0 	0 	0 	0 	0 	0 	0 	0 
87 	370.00 	303.00 	278.00 	91.00 	155.00 	53.00 	2224 	490 	1632 	7 	0 	0 	0 	0 	0 	0 	0 	0 	0 
88 	376.00 	308.00 	282.00 	93.00 	158.00 	54.00 	2256 	501 	1658 	7 	0 	0 	0 	0 	0 	0 	0 	0 	0 
89 	382.00 	313.00 	287.00 	94.00 	160.00 	54.00 	2296 	506 	1685 	7 	0 	0 	0 	0 	0 	0 	0 	0 	0 
90 	388.00 	318.00 	291.00 	96.00 	163.00 	55.00 	2328 	517 	1712 	8 	0 	0 	0 	0 	0 	0 	0 	0 	0 
91 	394.00 	323.00 	296.00 	97.00 	165.00 	55.00 	2368 	522 	1739 	8 	0 	0 	0 	0 	0 	0 	0 	0 	0 
92 	400.00 	328.00 	300.00 	98.00 	168.00 	56.00 	2400 	528 	1766 	8 	0 	0 	0 	0 	0 	0 	0 	0 	0 
93 	406.00 	333.00 	305.00 	100.00 	170.00 	56.00 	2440 	538 	1793 	8 	0 	0 	0 	0 	0 	0 	0 	0 	0 
94 	413.00 	338.00 	309.00 	101.00 	173.00 	57.00 	2472 	544 	1820 	8 	0 	0 	0 	0 	0 	0 	0 	0 	0 
95 	419.00 	343.00 	314.00 	103.00 	176.00 	57.00 	2512 	555 	1847 	8 	0 	0 	0 	0 	0 	0 	0 	0 	0 
96 	425.00 	348.00 	318.00 	104.00 	178.00 	58.00 	2544 	560 	1874 	8 	0 	0 	0 	0 	0 	0 	0 	0 	0 
97 	431.00 	353.00 	323.00 	106.00 	181.00 	58.00 	2584 	571 	1901 	8 	0 	0 	0 	0 	0 	0 	0 	0 	0 
98 	438.00 	359.00 	328.00 	107.00 	184.00 	59.00 	2624 	576 	1933 	8 	0 	0 	0 	0 	0 	0 	0 	0 	0 
99 	444.00 	364.00 	333.00 	109.00 	186.00 	59.00 	2664 	587 	1960 	8 	0 	0 	0 	0 	0 	0 	0 	0 	0 
100 	450.00 	369.00 	337.00 	111.00 	189.00 	60.00 	2696 	598 	1987 	8 	0 	0 	0 	0 	0 	0 	0 	0 	0 
1 																			
LV	STR	Dex	CON	WIS	INT	CHA	기본 HP	기본 MP	기본 SP	기본 AC	기본 AR	기본 DR	FIRE	WATER	EARTH	AIR	MAGIC	최소 데미지	최대 데미지
1 	11.00 	17.00 	10.00 	9.00 	9.00 	10.00 	80 	48 	92 	2 	0 	0 	0 	0 	0 	0 	0 	0 	0 
2 	12.00 	18.00 	11.00 	9.00 	9.00 	11.00 	88 	48 	97 	2 	0 	0 	0 	0 	0 	0 	0 	0 	0 
3 	13.00 	19.00 	12.00 	10.00 	10.00 	11.00 	96 	54 	102 	2 	0 	0 	0 	0 	0 	0 	0 	0 	0 
4 	14.00 	21.00 	12.00 	10.00 	10.00 	12.00 	96 	54 	113 	2 	0 	0 	0 	0 	0 	0 	0 	0 	0 
5 	15.00 	22.00 	13.00 	10.00 	11.00 	12.00 	104 	54 	118 	2 	0 	0 	0 	0 	0 	0 	0 	0 	0 
6 	16.00 	24.00 	14.00 	11.00 	11.00 	13.00 	112 	59 	129 	2 	0 	0 	0 	0 	0 	0 	0 	0 	0 
7 	18.00 	26.00 	15.00 	11.00 	12.00 	13.00 	120 	59 	140 	2 	0 	0 	0 	0 	0 	0 	0 	0 	0 
8 	19.00 	28.00 	17.00 	12.00 	13.00 	14.00 	136 	65 	151 	2 	0 	0 	0 	0 	0 	0 	0 	0 	0 
9 	20.00 	30.00 	18.00 	12.00 	13.00 	14.00 	144 	65 	162 	2 	0 	0 	0 	0 	0 	0 	0 	0 	0 
10 	22.00 	32.00 	19.00 	13.00 	14.00 	15.00 	152 	70 	172 	2 	0 	0 	0 	0 	0 	0 	0 	0 	0 
11 	24.00 	34.00 	21.00 	13.00 	15.00 	15.00 	168 	70 	183 	2 	0 	0 	0 	0 	0 	0 	0 	0 	0 
12 	25.00 	36.00 	22.00 	14.00 	16.00 	16.00 	176 	75 	194 	2 	0 	0 	0 	0 	0 	0 	0 	0 	0 
13 	27.00 	38.00 	23.00 	14.00 	16.00 	16.00 	184 	75 	205 	2 	0 	0 	0 	0 	0 	0 	0 	0 	0 
14 	29.00 	41.00 	25.00 	15.00 	17.00 	17.00 	200 	81 	221 	2 	0 	0 	0 	0 	0 	0 	0 	0 	0 
15 	31.00 	44.00 	27.00 	15.00 	18.00 	17.00 	216 	81 	237 	2 	0 	0 	0 	0 	0 	0 	0 	0 	0 
16 	33.00 	46.00 	28.00 	16.00 	19.00 	18.00 	224 	86 	248 	3 	0 	0 	0 	0 	0 	0 	0 	0 	0 
17 	35.00 	49.00 	30.00 	17.00 	20.00 	18.00 	240 	92 	264 	3 	0 	0 	0 	0 	0 	0 	0 	0 	0 
18 	37.00 	52.00 	32.00 	17.00 	21.00 	19.00 	256 	92 	280 	3 	0 	0 	0 	0 	0 	0 	0 	0 	0 
19 	39.00 	55.00 	34.00 	18.00 	22.00 	19.00 	272 	97 	296 	3 	0 	0 	0 	0 	0 	0 	0 	0 	0 
20 	41.00 	57.00 	35.00 	19.00 	23.00 	20.00 	280 	102 	307 	3 	0 	0 	0 	0 	0 	0 	0 	0 	0 
21 	44.00 	60.00 	37.00 	20.00 	24.00 	20.00 	296 	108 	323 	3 	0 	0 	0 	0 	0 	0 	0 	0 	0 
22 	46.00 	64.00 	39.00 	20.00 	25.00 	21.00 	312 	108 	345 	3 	0 	0 	0 	0 	0 	0 	0 	0 	0 
23 	48.00 	67.00 	41.00 	21.00 	26.00 	21.00 	328 	113 	361 	3 	0 	0 	0 	0 	0 	0 	0 	0 	0 
24 	51.00 	70.00 	43.00 	22.00 	27.00 	22.00 	344 	118 	377 	3 	0 	0 	0 	0 	0 	0 	0 	0 	0 
25 	53.00 	73.00 	45.00 	23.00 	28.00 	22.00 	360 	124 	393 	3 	0 	0 	0 	0 	0 	0 	0 	0 	0 
26 	56.00 	77.00 	47.00 	23.00 	29.00 	23.00 	376 	124 	415 	3 	0 	0 	0 	0 	0 	0 	0 	0 	0 
27 	58.00 	80.00 	49.00 	24.00 	31.00 	23.00 	392 	129 	431 	3 	0 	0 	0 	0 	0 	0 	0 	0 	0 
28 	61.00 	83.00 	52.00 	25.00 	32.00 	24.00 	416 	135 	447 	3 	0 	0 	0 	0 	0 	0 	0 	0 	0 
29 	64.00 	87.00 	54.00 	26.00 	33.00 	24.00 	432 	140 	468 	3 	0 	0 	0 	0 	0 	0 	0 	0 	0 
30 	66.00 	90.00 	56.00 	27.00 	34.00 	25.00 	448 	145 	485 	3 	0 	0 	0 	0 	0 	0 	0 	0 	0 
31 	69.00 	94.00 	58.00 	28.00 	35.00 	25.00 	464 	151 	506 	3 	0 	0 	0 	0 	0 	0 	0 	0 	0 
32 	72.00 	98.00 	61.00 	29.00 	37.00 	26.00 	488 	156 	528 	3 	0 	0 	0 	0 	0 	0 	0 	0 	0 
33 	75.00 	101.00 	63.00 	29.00 	38.00 	26.00 	504 	156 	544 	3 	0 	0 	0 	0 	0 	0 	0 	0 	0 
34 	77.00 	105.00 	65.00 	30.00 	39.00 	27.00 	520 	162 	565 	3 	0 	0 	0 	0 	0 	0 	0 	0 	0 
35 	80.00 	109.00 	68.00 	31.00 	41.00 	27.00 	544 	167 	587 	3 	0 	0 	0 	0 	0 	0 	0 	0 	0 
36 	83.00 	113.00 	70.00 	32.00 	42.00 	28.00 	560 	172 	608 	3 	0 	0 	0 	0 	0 	0 	0 	0 	0 
37 	86.00 	117.00 	73.00 	33.00 	43.00 	28.00 	584 	178 	630 	3 	0 	0 	0 	0 	0 	0 	0 	0 	0 
38 	89.00 	121.00 	75.00 	34.00 	45.00 	29.00 	600 	183 	652 	3 	0 	0 	0 	0 	0 	0 	0 	0 	0 
39 	92.00 	125.00 	78.00 	35.00 	46.00 	29.00 	624 	188 	673 	3 	0 	0 	0 	0 	0 	0 	0 	0 	0 
40 	95.00 	129.00 	80.00 	36.00 	48.00 	30.00 	640 	194 	695 	4 	0 	0 	0 	0 	0 	0 	0 	0 	0 
41 	98.00 	133.00 	83.00 	37.00 	49.00 	30.00 	664 	199 	716 	4 	0 	0 	0 	0 	0 	0 	0 	0 	0 
42 	102.00 	137.00 	85.00 	38.00 	50.00 	31.00 	680 	205 	738 	4 	0 	0 	0 	0 	0 	0 	0 	0 	0 
43 	105.00 	142.00 	88.00 	39.00 	52.00 	31.00 	704 	210 	765 	4 	0 	0 	0 	0 	0 	0 	0 	0 	0 
44 	108.00 	146.00 	91.00 	40.00 	53.00 	32.00 	728 	215 	786 	4 	0 	0 	0 	0 	0 	0 	0 	0 	0 
45 	111.00 	150.00 	93.00 	41.00 	55.00 	32.00 	744 	221 	808 	4 	0 	0 	0 	0 	0 	0 	0 	0 	0 
46 	115.00 	155.00 	96.00 	42.00 	56.00 	33.00 	768 	226 	835 	4 	0 	0 	0 	0 	0 	0 	0 	0 	0 
47 	118.00 	159.00 	99.00 	43.00 	58.00 	33.00 	792 	232 	856 	4 	0 	0 	0 	0 	0 	0 	0 	0 	0 
48 	121.00 	164.00 	102.00 	45.00 	59.00 	34.00 	816 	242 	883 	4 	0 	0 	0 	0 	0 	0 	0 	0 	0 
49 	125.00 	168.00 	105.00 	46.00 	61.00 	34.00 	840 	248 	905 	4 	0 	0 	0 	0 	0 	0 	0 	0 	0 
50 	128.00 	173.00 	107.00 	47.00 	62.00 	35.00 	856 	253 	932 	4 	0 	0 	0 	0 	0 	0 	0 	0 	0 
51 	132.00 	177.00 	110.00 	48.00 	64.00 	35.00 	880 	258 	953 	4 	0 	0 	0 	0 	0 	0 	0 	0 	0 
52 	135.00 	182.00 	113.00 	49.00 	66.00 	36.00 	904 	264 	980 	4 	0 	0 	0 	0 	0 	0 	0 	0 	0 
53 	139.00 	187.00 	116.00 	50.00 	67.00 	36.00 	928 	269 	1007 	4 	0 	0 	0 	0 	0 	0 	0 	0 	0 
54 	142.00 	191.00 	119.00 	51.00 	69.00 	37.00 	952 	275 	1028 	4 	0 	0 	0 	0 	0 	0 	0 	0 	0 
55 	146.00 	196.00 	122.00 	52.00 	70.00 	37.00 	976 	280 	1055 	4 	0 	0 	0 	0 	0 	0 	0 	0 	0 
56 	149.00 	201.00 	125.00 	54.00 	72.00 	38.00 	1000 	291 	1082 	4 	0 	0 	0 	0 	0 	0 	0 	0 	0 
57 	153.00 	206.00 	128.00 	55.00 	74.00 	38.00 	1024 	296 	1109 	4 	0 	0 	0 	0 	0 	0 	0 	0 	0 
58 	157.00 	211.00 	131.00 	56.00 	75.00 	39.00 	1048 	302 	1136 	4 	0 	0 	0 	0 	0 	0 	0 	0 	0 
59 	160.00 	215.00 	134.00 	57.00 	77.00 	39.00 	1072 	307 	1158 	5 	0 	0 	0 	0 	0 	0 	0 	0 	0 
60 	164.00 	220.00 	137.00 	58.00 	79.00 	40.00 	1096 	312 	1185 	5 	0 	0 	0 	0 	0 	0 	0 	0 	0 
61 	168.00 	225.00 	141.00 	60.00 	81.00 	40.00 	1128 	323 	1212 	5 	0 	0 	0 	0 	0 	0 	0 	0 	0 
62 	172.00 	231.00 	144.00 	61.00 	82.00 	41.00 	1152 	328 	1244 	5 	0 	0 	0 	0 	0 	0 	0 	0 	0 
63 	175.00 	236.00 	147.00 	62.00 	84.00 	41.00 	1176 	334 	1271 	5 	0 	0 	0 	0 	0 	0 	0 	0 	0 
64 	179.00 	241.00 	150.00 	63.00 	86.00 	42.00 	1200 	339 	1298 	5 	0 	0 	0 	0 	0 	0 	0 	0 	0 
65 	183.00 	246.00 	153.00 	64.00 	88.00 	42.00 	1224 	345 	1325 	5 	0 	0 	0 	0 	0 	0 	0 	0 	0 
66 	187.00 	251.00 	157.00 	66.00 	89.00 	43.00 	1256 	355 	1352 	5 	0 	0 	0 	0 	0 	0 	0 	0 	0 
67 	191.00 	256.00 	160.00 	67.00 	91.00 	43.00 	1280 	361 	1378 	5 	0 	0 	0 	0 	0 	0 	0 	0 	0 
68 	195.00 	262.00 	163.00 	68.00 	93.00 	44.00 	1304 	366 	1411 	5 	0 	0 	0 	0 	0 	0 	0 	0 	0 
69 	199.00 	267.00 	166.00 	70.00 	95.00 	44.00 	1328 	377 	1438 	5 	0 	0 	0 	0 	0 	0 	0 	0 	0 
70 	203.00 	272.00 	170.00 	71.00 	97.00 	45.00 	1360 	382 	1465 	5 	0 	0 	0 	0 	0 	0 	0 	0 	0 
71 	207.00 	278.00 	173.00 	72.00 	98.00 	45.00 	1384 	388 	1497 	5 	0 	0 	0 	0 	0 	0 	0 	0 	0 
72 	211.00 	283.00 	177.00 	73.00 	100.00 	46.00 	1416 	393 	1524 	5 	0 	0 	0 	0 	0 	0 	0 	0 	0 
73 	215.00 	288.00 	180.00 	75.00 	102.00 	46.00 	1440 	404 	1551 	5 	0 	0 	0 	0 	0 	0 	0 	0 	0 
74 	219.00 	294.00 	183.00 	76.00 	104.00 	47.00 	1464 	409 	1583 	5 	0 	0 	0 	0 	0 	0 	0 	0 	0 
75 	224.00 	299.00 	187.00 	77.00 	106.00 	47.00 	1496 	415 	1610 	5 	0 	0 	0 	0 	0 	0 	0 	0 	0 
76 	228.00 	305.00 	190.00 	79.00 	108.00 	48.00 	1520 	425 	1642 	5 	0 	0 	0 	0 	0 	0 	0 	0 	0 
77 	232.00 	311.00 	194.00 	80.00 	110.00 	48.00 	1552 	431 	1675 	5 	0 	0 	0 	0 	0 	0 	0 	0 	0 
78 	236.00 	316.00 	197.00 	82.00 	112.00 	49.00 	1576 	442 	1702 	5 	0 	0 	0 	0 	0 	0 	0 	0 	0 
79 	240.00 	322.00 	201.00 	83.00 	114.00 	49.00 	1608 	447 	1734 	5 	0 	0 	0 	0 	0 	0 	0 	0 	0 
80 	245.00 	328.00 	204.00 	84.00 	116.00 	50.00 	1632 	452 	1766 	5 	0 	0 	0 	0 	0 	0 	0 	0 	0 
81 	249.00 	333.00 	208.00 	86.00 	118.00 	50.00 	1664 	463 	1793 	5 	0 	0 	0 	0 	0 	0 	0 	0 	0 
82 	253.00 	339.00 	212.00 	87.00 	120.00 	51.00 	1696 	468 	1825 	5 	0 	0 	0 	0 	0 	0 	0 	0 	0 
83 	258.00 	345.00 	215.00 	88.00 	122.00 	51.00 	1720 	474 	1858 	5 	0 	0 	0 	0 	0 	0 	0 	0 	0 
84 	262.00 	351.00 	219.00 	90.00 	124.00 	52.00 	1752 	485 	1890 	5 	0 	0 	0 	0 	0 	0 	0 	0 	0 
85 	266.00 	357.00 	223.00 	91.00 	126.00 	52.00 	1784 	490 	1922 	5 	0 	0 	0 	0 	0 	0 	0 	0 	0 
86 	271.00 	362.00 	226.00 	93.00 	128.00 	53.00 	1808 	501 	1949 	5 	0 	0 	0 	0 	0 	0 	0 	0 	0 
87 	275.00 	368.00 	230.00 	94.00 	130.00 	53.00 	1840 	506 	1982 	5 	0 	0 	0 	0 	0 	0 	0 	0 	0 
88 	280.00 	374.00 	234.00 	96.00 	132.00 	54.00 	1872 	517 	2014 	5 	0 	0 	0 	0 	0 	0 	0 	0 	0 
89 	284.00 	380.00 	237.00 	97.00 	134.00 	54.00 	1896 	522 	2046 	5 	0 	0 	0 	0 	0 	0 	0 	0 	0 
90 	289.00 	386.00 	241.00 	99.00 	136.00 	55.00 	1928 	533 	2078 	6 	0 	0 	0 	0 	0 	0 	0 	0 	0 
91 	293.00 	392.00 	245.00 	100.00 	138.00 	55.00 	1960 	538 	2111 	6 	0 	0 	0 	0 	0 	0 	0 	0 	0 
92 	298.00 	398.00 	249.00 	101.00 	140.00 	56.00 	1992 	544 	2143 	6 	0 	0 	0 	0 	0 	0 	0 	0 	0 
93 	303.00 	405.00 	253.00 	103.00 	142.00 	56.00 	2024 	555 	2181 	6 	0 	0 	0 	0 	0 	0 	0 	0 	0 
94 	307.00 	411.00 	257.00 	104.00 	144.00 	57.00 	2056 	560 	2213 	6 	0 	0 	0 	0 	0 	0 	0 	0 	0 
95 	312.00 	417.00 	260.00 	106.00 	146.00 	57.00 	2080 	571 	2245 	6 	0 	0 	0 	0 	0 	0 	0 	0 	0 
96 	317.00 	423.00 	264.00 	107.00 	148.00 	58.00 	2112 	576 	2278 	6 	0 	0 	0 	0 	0 	0 	0 	0 	0 
97 	321.00 	429.00 	268.00 	109.00 	151.00 	58.00 	2144 	587 	2310 	6 	0 	0 	0 	0 	0 	0 	0 	0 	0 
98 	326.00 	436.00 	272.00 	110.00 	153.00 	59.00 	2176 	592 	2348 	6 	0 	0 	0 	0 	0 	0 	0 	0 	0 
99 	331.00 	442.00 	276.00 	112.00 	155.00 	59.00 	2208 	603 	2380 	6 	0 	0 	0 	0 	0 	0 	0 	0 	0 
100 	335.00 	448.00 	280.00 	114.00 	157.00 	60.00 	2240 	614 	2412 	6 	0 	0 	0 	0 	0 	0 	0 	0 	0 
6																			
LV	STR	Dex	CON	WIS	INT	CHA	기본 HP	기본 MP	기본 SP	기본 AC	기본 AR	기본 DR	FIRE	WATER	EARTH	AIR	MAGIC	최소 데미지	최대 데미지
1 	8.00 	7.00 	10.00 	15.00 	16.00 	10.00 	80 	81 	38 	2 	0 	0 	0 	0 	0 	0 	0 	0 	0 
2 	9.00 	8.00 	11.00 	16.00 	16.00 	11.00 	88 	86 	43 	2 	0 	0 	0 	0 	0 	0 	0 	0 	0 
3 	10.00 	9.00 	11.00 	17.00 	18.00 	11.00 	88 	92 	48 	2 	0 	0 	0 	0 	0 	0 	0 	0 	0 
4 	11.00 	9.00 	12.00 	18.00 	19.00 	12.00 	96 	97 	48 	2 	0 	0 	0 	0 	0 	0 	0 	0 	0 
5 	12.00 	10.00 	13.00 	20.00 	20.00 	12.00 	104 	108 	54 	2 	0 	0 	0 	0 	0 	0 	0 	0 	0 
6 	13.00 	11.00 	14.00 	21.00 	22.00 	13.00 	112 	113 	59 	2 	0 	0 	0 	0 	0 	0 	0 	0 	0 
7 	14.00 	13.00 	15.00 	23.00 	24.00 	13.00 	120 	124 	70 	2 	0 	0 	0 	0 	0 	0 	0 	0 	0 
8 	16.00 	14.00 	16.00 	24.00 	26.00 	14.00 	128 	129 	75 	2 	0 	0 	0 	0 	0 	0 	0 	0 	0 
9 	17.00 	15.00 	17.00 	26.00 	28.00 	14.00 	136 	140 	81 	2 	0 	0 	0 	0 	0 	0 	0 	0 	0 
10 	19.00 	17.00 	18.00 	28.00 	30.00 	15.00 	144 	151 	92 	2 	0 	0 	0 	0 	0 	0 	0 	0 	0 
11 	20.00 	18.00 	19.00 	30.00 	32.00 	15.00 	152 	162 	97 	2 	0 	0 	0 	0 	0 	0 	0 	0 	0 
12 	22.00 	19.00 	20.00 	32.00 	35.00 	16.00 	160 	172 	102 	2 	0 	0 	0 	0 	0 	0 	0 	0 	0 
13 	24.00 	21.00 	21.00 	34.00 	37.00 	16.00 	168 	183 	113 	2 	0 	0 	0 	0 	0 	0 	0 	0 	0 
14 	25.00 	23.00 	23.00 	36.00 	40.00 	17.00 	184 	194 	124 	2 	0 	0 	0 	0 	0 	0 	0 	0 	0 
15 	27.00 	24.00 	24.00 	39.00 	42.00 	17.00 	192 	210 	129 	2 	0 	0 	0 	0 	0 	0 	0 	0 	0 
16 	29.00 	26.00 	25.00 	41.00 	45.00 	18.00 	200 	221 	140 	2 	0 	0 	0 	0 	0 	0 	0 	0 	0 
17 	31.00 	28.00 	27.00 	43.00 	48.00 	18.00 	216 	232 	151 	2 	0 	0 	0 	0 	0 	0 	0 	0 	0 
18 	33.00 	30.00 	28.00 	46.00 	50.00 	19.00 	224 	248 	162 	2 	0 	0 	0 	0 	0 	0 	0 	0 	0 
19 	35.00 	31.00 	30.00 	49.00 	53.00 	19.00 	240 	264 	167 	2 	0 	0 	0 	0 	0 	0 	0 	0 	0 
20 	37.00 	33.00 	32.00 	51.00 	56.00 	20.00 	256 	275 	178 	2 	0 	0 	0 	0 	0 	0 	0 	0 	0 
21 	39.00 	35.00 	33.00 	54.00 	59.00 	20.00 	264 	291 	188 	2 	0 	0 	0 	0 	0 	0 	0 	0 	0 
22 	42.00 	37.00 	35.00 	57.00 	63.00 	21.00 	280 	307 	199 	2 	0 	0 	0 	0 	0 	0 	0 	0 	0 
23 	44.00 	39.00 	36.00 	59.00 	66.00 	21.00 	288 	318 	210 	2 	0 	0 	0 	0 	0 	0 	0 	0 	0 
24 	46.00 	41.00 	38.00 	62.00 	69.00 	22.00 	304 	334 	221 	2 	0 	0 	0 	0 	0 	0 	0 	0 	0 
25 	49.00 	44.00 	40.00 	65.00 	72.00 	22.00 	320 	350 	237 	2 	0 	0 	0 	0 	0 	0 	0 	0 	0 
26 	51.00 	46.00 	42.00 	68.00 	76.00 	23.00 	336 	366 	248 	2 	0 	0 	0 	0 	0 	0 	0 	0 	0 
27 	54.00 	48.00 	43.00 	71.00 	79.00 	23.00 	344 	382 	258 	2 	0 	0 	0 	0 	0 	0 	0 	0 	0 
28 	56.00 	50.00 	45.00 	74.00 	83.00 	24.00 	360 	398 	269 	2 	0 	0 	0 	0 	0 	0 	0 	0 	0 
29 	59.00 	53.00 	47.00 	77.00 	86.00 	24.00 	376 	415 	285 	2 	0 	0 	0 	0 	0 	0 	0 	0 	0 
30 	61.00 	55.00 	49.00 	81.00 	90.00 	25.00 	392 	436 	296 	2 	0 	0 	0 	0 	0 	0 	0 	0 	0 
31 	64.00 	57.00 	51.00 	84.00 	94.00 	25.00 	408 	452 	307 	2 	0 	0 	0 	0 	0 	0 	0 	0 	0 
32 	66.00 	60.00 	53.00 	87.00 	98.00 	26.00 	424 	468 	323 	2 	0 	0 	0 	0 	0 	0 	0 	0 	0 
33 	69.00 	62.00 	55.00 	90.00 	101.00 	26.00 	440 	485 	334 	2 	0 	0 	0 	0 	0 	0 	0 	0 	0 
34 	72.00 	65.00 	57.00 	94.00 	105.00 	27.00 	456 	506 	350 	2 	0 	0 	0 	0 	0 	0 	0 	0 	0 
35 	75.00 	67.00 	59.00 	97.00 	109.00 	27.00 	472 	522 	361 	2 	0 	0 	0 	0 	0 	0 	0 	0 	0 
36 	78.00 	70.00 	61.00 	101.00 	113.00 	28.00 	488 	544 	377 	2 	0 	0 	0 	0 	0 	0 	0 	0 	0 
37 	80.00 	72.00 	63.00 	104.00 	117.00 	28.00 	504 	560 	388 	2 	0 	0 	0 	0 	0 	0 	0 	0 	0 
38 	83.00 	75.00 	65.00 	108.00 	121.00 	29.00 	520 	582 	404 	2 	0 	0 	0 	0 	0 	0 	0 	0 	0 
39 	86.00 	77.00 	67.00 	111.00 	126.00 	29.00 	536 	598 	415 	2 	0 	0 	0 	0 	0 	0 	0 	0 	0 
40 	89.00 	80.00 	70.00 	115.00 	130.00 	30.00 	560 	619 	431 	3 	0 	0 	0 	0 	0 	0 	0 	0 	0 
41 	92.00 	83.00 	72.00 	119.00 	134.00 	30.00 	576 	641 	447 	3 	0 	0 	0 	0 	0 	0 	0 	0 	0 
42 	95.00 	85.00 	74.00 	123.00 	138.00 	31.00 	592 	662 	458 	3 	0 	0 	0 	0 	0 	0 	0 	0 	0 
43 	98.00 	88.00 	76.00 	126.00 	143.00 	31.00 	608 	678 	474 	3 	0 	0 	0 	0 	0 	0 	0 	0 	0 
44 	101.00 	91.00 	79.00 	130.00 	147.00 	32.00 	632 	700 	490 	3 	0 	0 	0 	0 	0 	0 	0 	0 	0 
45 	105.00 	94.00 	81.00 	134.00 	151.00 	32.00 	648 	722 	506 	3 	0 	0 	0 	0 	0 	0 	0 	0 	0 
46 	108.00 	97.00 	83.00 	138.00 	156.00 	33.00 	664 	743 	522 	3 	0 	0 	0 	0 	0 	0 	0 	0 	0 
47 	111.00 	100.00 	85.00 	142.00 	160.00 	33.00 	680 	765 	538 	3 	0 	0 	0 	0 	0 	0 	0 	0 	0 
48 	114.00 	102.00 	88.00 	146.00 	165.00 	34.00 	704 	786 	549 	3 	0 	0 	0 	0 	0 	0 	0 	0 	0 
49 	117.00 	105.00 	90.00 	150.00 	170.00 	34.00 	720 	808 	565 	3 	0 	0 	0 	0 	0 	0 	0 	0 	0 
50 	121.00 	108.00 	93.00 	154.00 	174.00 	35.00 	744 	829 	582 	3 	0 	0 	0 	0 	0 	0 	0 	0 	0 
51 	124.00 	111.00 	95.00 	158.00 	179.00 	35.00 	760 	851 	598 	3 	0 	0 	0 	0 	0 	0 	0 	0 	0 
52 	127.00 	114.00 	98.00 	162.00 	184.00 	36.00 	784 	872 	614 	3 	0 	0 	0 	0 	0 	0 	0 	0 	0 
53 	131.00 	117.00 	100.00 	166.00 	188.00 	36.00 	800 	894 	630 	3 	0 	0 	0 	0 	0 	0 	0 	0 	0 
54 	134.00 	121.00 	103.00 	171.00 	193.00 	37.00 	824 	921 	652 	3 	0 	0 	0 	0 	0 	0 	0 	0 	0 
55 	138.00 	124.00 	105.00 	175.00 	198.00 	37.00 	840 	942 	668 	3 	0 	0 	0 	0 	0 	0 	0 	0 	0 
56 	141.00 	127.00 	108.00 	179.00 	203.00 	38.00 	864 	964 	684 	3 	0 	0 	0 	0 	0 	0 	0 	0 	0 
57 	145.00 	130.00 	110.00 	183.00 	208.00 	38.00 	880 	985 	700 	3 	0 	0 	0 	0 	0 	0 	0 	0 	0 
58 	148.00 	133.00 	113.00 	188.00 	213.00 	39.00 	904 	1012 	716 	3 	0 	0 	0 	0 	0 	0 	0 	0 	0 
59 	152.00 	136.00 	115.00 	192.00 	218.00 	39.00 	920 	1034 	732 	3 	0 	0 	0 	0 	0 	0 	0 	0 	0 
60 	155.00 	140.00 	118.00 	197.00 	223.00 	40.00 	944 	1061 	754 	3 	0 	0 	0 	0 	0 	0 	0 	0 	0 
61 	159.00 	143.00 	121.00 	201.00 	228.00 	40.00 	968 	1082 	770 	3 	0 	0 	0 	0 	0 	0 	0 	0 	0 
62 	163.00 	146.00 	123.00 	206.00 	233.00 	41.00 	984 	1109 	786 	3 	0 	0 	0 	0 	0 	0 	0 	0 	0 
63 	166.00 	149.00 	126.00 	210.00 	239.00 	41.00 	1008 	1131 	802 	3 	0 	0 	0 	0 	0 	0 	0 	0 	0 
64 	170.00 	153.00 	129.00 	215.00 	244.00 	42.00 	1032 	1158 	824 	3 	0 	0 	0 	0 	0 	0 	0 	0 	0 
65 	174.00 	156.00 	132.00 	219.00 	249.00 	42.00 	1056 	1179 	840 	3 	0 	0 	0 	0 	0 	0 	0 	0 	0 
66 	178.00 	159.00 	134.00 	224.00 	255.00 	43.00 	1072 	1206 	856 	3 	0 	0 	0 	0 	0 	0 	0 	0 	0 
67 	181.00 	163.00 	137.00 	229.00 	260.00 	43.00 	1096 	1233 	878 	3 	0 	0 	0 	0 	0 	0 	0 	0 	0 
68 	185.00 	166.00 	140.00 	233.00 	265.00 	44.00 	1120 	1255 	894 	3 	0 	0 	0 	0 	0 	0 	0 	0 	0 
69 	189.00 	170.00 	143.00 	238.00 	271.00 	44.00 	1144 	1282 	915 	3 	0 	0 	0 	0 	0 	0 	0 	0 	0 
70 	193.00 	173.00 	146.00 	243.00 	276.00 	45.00 	1168 	1308 	932 	3 	0 	0 	0 	0 	0 	0 	0 	0 	0 
71 	197.00 	177.00 	148.00 	248.00 	282.00 	45.00 	1184 	1335 	953 	3 	0 	0 	0 	0 	0 	0 	0 	0 	0 
72 	201.00 	180.00 	151.00 	253.00 	287.00 	46.00 	1208 	1362 	969 	3 	0 	0 	0 	0 	0 	0 	0 	0 	0 
73 	205.00 	184.00 	154.00 	257.00 	293.00 	46.00 	1232 	1384 	991 	3 	0 	0 	0 	0 	0 	0 	0 	0 	0 
74 	209.00 	187.00 	157.00 	262.00 	298.00 	47.00 	1256 	1411 	1007 	3 	0 	0 	0 	0 	0 	0 	0 	0 	0 
75 	213.00 	191.00 	160.00 	267.00 	304.00 	47.00 	1280 	1438 	1028 	4 	0 	0 	0 	0 	0 	0 	0 	0 	0 
76 	217.00 	195.00 	163.00 	272.00 	310.00 	48.00 	1304 	1465 	1050 	4 	0 	0 	0 	0 	0 	0 	0 	0 	0 
77 	221.00 	198.00 	166.00 	277.00 	315.00 	48.00 	1328 	1492 	1066 	4 	0 	0 	0 	0 	0 	0 	0 	0 	0 
78 	225.00 	202.00 	169.00 	282.00 	321.00 	49.00 	1352 	1518 	1088 	4 	0 	0 	0 	0 	0 	0 	0 	0 	0 
79 	229.00 	206.00 	172.00 	287.00 	327.00 	49.00 	1376 	1545 	1109 	4 	0 	0 	0 	0 	0 	0 	0 	0 	0 
80 	233.00 	209.00 	175.00 	292.00 	333.00 	50.00 	1400 	1572 	1125 	4 	0 	0 	0 	0 	0 	0 	0 	0 	0 
81 	237.00 	213.00 	178.00 	297.00 	339.00 	50.00 	1424 	1599 	1147 	4 	0 	0 	0 	0 	0 	0 	0 	0 	0 
82 	241.00 	217.00 	181.00 	303.00 	345.00 	51.00 	1448 	1632 	1168 	4 	0 	0 	0 	0 	0 	0 	0 	0 	0 
83 	245.00 	221.00 	184.00 	308.00 	350.00 	51.00 	1472 	1658 	1190 	4 	0 	0 	0 	0 	0 	0 	0 	0 	0 
84 	250.00 	224.00 	187.00 	313.00 	356.00 	52.00 	1496 	1685 	1206 	4 	0 	0 	0 	0 	0 	0 	0 	0 	0 
85 	254.00 	228.00 	190.00 	318.00 	362.00 	52.00 	1520 	1712 	1228 	4 	0 	0 	0 	0 	0 	0 	0 	0 	0 
86 	258.00 	232.00 	194.00 	323.00 	368.00 	53.00 	1552 	1739 	1249 	4 	0 	0 	0 	0 	0 	0 	0 	0 	0 
87 	262.00 	236.00 	197.00 	329.00 	374.00 	53.00 	1576 	1772 	1271 	4 	0 	0 	0 	0 	0 	0 	0 	0 	0 
88 	267.00 	240.00 	200.00 	334.00 	381.00 	54.00 	1600 	1798 	1292 	4 	0 	0 	0 	0 	0 	0 	0 	0 	0 
89 	271.00 	244.00 	203.00 	339.00 	387.00 	54.00 	1624 	1825 	1314 	4 	0 	0 	0 	0 	0 	0 	0 	0 	0 
90 	275.00 	248.00 	206.00 	345.00 	393.00 	55.00 	1648 	1858 	1335 	4 	0 	0 	0 	0 	0 	0 	0 	0 	0 
91 	280.00 	252.00 	209.00 	350.00 	399.00 	55.00 	1672 	1885 	1357 	4 	0 	0 	0 	0 	0 	0 	0 	0 	0 
92 	284.00 	255.00 	213.00 	356.00 	405.00 	56.00 	1704 	1917 	1373 	4 	0 	0 	0 	0 	0 	0 	0 	0 	0 
93 	289.00 	259.00 	216.00 	361.00 	412.00 	56.00 	1728 	1944 	1395 	4 	0 	0 	0 	0 	0 	0 	0 	0 	0 
94 	293.00 	263.00 	219.00 	366.00 	418.00 	57.00 	1752 	1971 	1416 	4 	0 	0 	0 	0 	0 	0 	0 	0 	0 
95 	298.00 	267.00 	222.00 	372.00 	424.00 	57.00 	1776 	2003 	1438 	4 	0 	0 	0 	0 	0 	0 	0 	0 	0 
96 	302.00 	272.00 	226.00 	378.00 	430.00 	58.00 	1808 	2035 	1465 	4 	0 	0 	0 	0 	0 	0 	0 	0 	0 
97 	307.00 	276.00 	229.00 	383.00 	437.00 	58.00 	1832 	2062 	1486 	4 	0 	0 	0 	0 	0 	0 	0 	0 	0 
98 	311.00 	280.00 	232.00 	389.00 	443.00 	59.00 	1856 	2095 	1508 	4 	0 	0 	0 	0 	0 	0 	0 	0 	0 
99 	316.00 	284.00 	236.00 	394.00 	450.00 	59.00 	1888 	2122 	1529 	4 	0 	0 	0 	0 	0 	0 	0 	0 	0 
100 	320.00 	288.00 	239.00 	400.00 	456.00 	60.00 	1912 	2154 	1551 	4 	0 	0 	0 	0 	0 	0 	0 	0 	0 
4																			
LV	STR	Dex	CON	WIS	INT	CHA	기본 HP	기본 MP	기본 SP	기본 AC	기본 AR	기본 DR	FIRE	WATER	EARTH	AIR	MAGIC	최소 데미지	최대 데미지
1 	18.00 	11.00 	14.00 	6.00 	7.00 	10.00 	112 	32 	59 	3 	0 	0 	0 	0 	0 	0 	0 	0 	0 
2 	19.00 	12.00 	15.00 	6.00 	8.00 	11.00 	120 	32 	65 	3 	0 	0 	0 	0 	0 	0 	0 	0 	0 
3 	20.00 	13.00 	16.00 	6.00 	8.00 	11.00 	128 	32 	70 	3 	0 	0 	0 	0 	0 	0 	0 	0 	0 
4 	22.00 	14.00 	17.00 	7.00 	9.00 	12.00 	136 	38 	75 	3 	0 	0 	0 	0 	0 	0 	0 	0 	0 
5 	24.00 	15.00 	18.00 	7.00 	9.00 	12.00 	144 	38 	81 	3 	0 	0 	0 	0 	0 	0 	0 	0 	0 
6 	26.00 	16.00 	19.00 	7.00 	10.00 	13.00 	152 	38 	86 	3 	0 	0 	0 	0 	0 	0 	0 	0 	0 
7 	28.00 	18.00 	20.00 	7.00 	11.00 	13.00 	160 	38 	97 	3 	0 	0 	0 	0 	0 	0 	0 	0 	0 
8 	30.00 	19.00 	21.00 	8.00 	12.00 	14.00 	168 	43 	102 	3 	0 	0 	0 	0 	0 	0 	0 	0 	0 
9 	33.00 	21.00 	23.00 	8.00 	13.00 	14.00 	184 	43 	113 	3 	0 	0 	0 	0 	0 	0 	0 	0 	0 
10 	35.00 	22.00 	24.00 	8.00 	14.00 	15.00 	192 	43 	118 	3 	0 	0 	0 	0 	0 	0 	0 	0 	0 
11 	38.00 	24.00 	26.00 	9.00 	15.00 	15.00 	208 	48 	129 	3 	0 	0 	0 	0 	0 	0 	0 	0 	0 
12 	41.00 	26.00 	27.00 	9.00 	16.00 	16.00 	216 	48 	140 	3 	0 	0 	0 	0 	0 	0 	0 	0 	0 
13 	44.00 	28.00 	29.00 	9.00 	17.00 	16.00 	232 	48 	151 	3 	0 	0 	0 	0 	0 	0 	0 	0 	0 
14 	47.00 	30.00 	30.00 	10.00 	18.00 	17.00 	240 	54 	162 	3 	0 	0 	0 	0 	0 	0 	0 	0 	0 
15 	50.00 	32.00 	32.00 	10.00 	19.00 	17.00 	256 	54 	172 	3 	0 	0 	0 	0 	0 	0 	0 	0 	0 
16 	53.00 	34.00 	34.00 	11.00 	21.00 	18.00 	272 	59 	183 	3 	0 	0 	0 	0 	0 	0 	0 	0 	0 
17 	57.00 	36.00 	36.00 	11.00 	22.00 	18.00 	288 	59 	194 	4 	0 	0 	0 	0 	0 	0 	0 	0 	0 
18 	60.00 	38.00 	38.00 	12.00 	23.00 	19.00 	304 	65 	205 	4 	0 	0 	0 	0 	0 	0 	0 	0 	0 
19 	64.00 	40.00 	40.00 	12.00 	24.00 	19.00 	320 	65 	215 	4 	0 	0 	0 	0 	0 	0 	0 	0 	0 
20 	67.00 	43.00 	42.00 	13.00 	26.00 	20.00 	336 	70 	232 	4 	0 	0 	0 	0 	0 	0 	0 	0 	0 
21 	71.00 	45.00 	44.00 	13.00 	27.00 	20.00 	352 	70 	242 	4 	0 	0 	0 	0 	0 	0 	0 	0 	0 
22 	75.00 	47.00 	46.00 	14.00 	29.00 	21.00 	368 	75 	253 	4 	0 	0 	0 	0 	0 	0 	0 	0 	0 
23 	79.00 	50.00 	48.00 	14.00 	30.00 	21.00 	384 	75 	269 	4 	0 	0 	0 	0 	0 	0 	0 	0 	0 
24 	83.00 	52.00 	50.00 	15.00 	32.00 	22.00 	400 	81 	280 	4 	0 	0 	0 	0 	0 	0 	0 	0 	0 
25 	87.00 	55.00 	53.00 	15.00 	33.00 	22.00 	424 	81 	296 	4 	0 	0 	0 	0 	0 	0 	0 	0 	0 
26 	91.00 	58.00 	55.00 	16.00 	35.00 	23.00 	440 	86 	312 	4 	0 	0 	0 	0 	0 	0 	0 	0 	0 
27 	95.00 	60.00 	57.00 	16.00 	36.00 	23.00 	456 	86 	323 	4 	0 	0 	0 	0 	0 	0 	0 	0 	0 
28 	99.00 	63.00 	60.00 	17.00 	38.00 	24.00 	480 	92 	339 	4 	0 	0 	0 	0 	0 	0 	0 	0 	0 
29 	104.00 	66.00 	62.00 	17.00 	39.00 	24.00 	496 	92 	355 	4 	0 	0 	0 	0 	0 	0 	0 	0 	0 
30 	108.00 	68.00 	64.00 	18.00 	41.00 	25.00 	512 	97 	366 	4 	0 	0 	0 	0 	0 	0 	0 	0 	0 
31 	113.00 	71.00 	67.00 	18.00 	43.00 	25.00 	536 	97 	382 	4 	0 	0 	0 	0 	0 	0 	0 	0 	0 
32 	117.00 	74.00 	69.00 	19.00 	45.00 	26.00 	552 	102 	398 	4 	0 	0 	0 	0 	0 	0 	0 	0 	0 
33 	122.00 	77.00 	72.00 	20.00 	46.00 	26.00 	576 	108 	415 	4 	0 	0 	0 	0 	0 	0 	0 	0 	0 
34 	127.00 	80.00 	75.00 	20.00 	48.00 	27.00 	600 	108 	431 	4 	0 	0 	0 	0 	0 	0 	0 	0 	0 
35 	131.00 	83.00 	77.00 	21.00 	50.00 	27.00 	616 	113 	447 	4 	0 	0 	0 	0 	0 	0 	0 	0 	0 
36 	136.00 	86.00 	80.00 	22.00 	52.00 	28.00 	640 	118 	463 	4 	0 	0 	0 	0 	0 	0 	0 	0 	0 
37 	141.00 	89.00 	83.00 	22.00 	53.00 	28.00 	664 	118 	479 	4 	0 	0 	0 	0 	0 	0 	0 	0 	0 
38 	146.00 	92.00 	85.00 	23.00 	55.00 	29.00 	680 	124 	495 	4 	0 	0 	0 	0 	0 	0 	0 	0 	0 
39 	151.00 	96.00 	88.00 	23.00 	57.00 	29.00 	704 	124 	517 	4 	0 	0 	0 	0 	0 	0 	0 	0 	0 
40 	156.00 	99.00 	91.00 	24.00 	59.00 	30.00 	728 	129 	533 	4 	0 	0 	0 	0 	0 	0 	0 	0 	0 
41 	161.00 	102.00 	94.00 	25.00 	61.00 	30.00 	752 	135 	549 	4 	0 	0 	0 	0 	0 	0 	0 	0 	0 
42 	167.00 	105.00 	97.00 	25.00 	63.00 	31.00 	776 	135 	565 	5 	0 	0 	0 	0 	0 	0 	0 	0 	0 
43 	172.00 	109.00 	100.00 	26.00 	65.00 	31.00 	800 	140 	587 	5 	0 	0 	0 	0 	0 	0 	0 	0 	0 
44 	177.00 	112.00 	103.00 	27.00 	67.00 	32.00 	824 	145 	603 	5 	0 	0 	0 	0 	0 	0 	0 	0 	0 
45 	183.00 	115.00 	106.00 	28.00 	69.00 	32.00 	848 	151 	619 	5 	0 	0 	0 	0 	0 	0 	0 	0 	0 
46 	188.00 	119.00 	109.00 	28.00 	71.00 	33.00 	872 	151 	641 	5 	0 	0 	0 	0 	0 	0 	0 	0 	0 
47 	194.00 	122.00 	112.00 	29.00 	73.00 	33.00 	896 	156 	657 	5 	0 	0 	0 	0 	0 	0 	0 	0 	0 
48 	199.00 	126.00 	115.00 	30.00 	75.00 	34.00 	920 	162 	678 	5 	0 	0 	0 	0 	0 	0 	0 	0 	0 
49 	205.00 	129.00 	118.00 	30.00 	77.00 	34.00 	944 	162 	695 	5 	0 	0 	0 	0 	0 	0 	0 	0 	0 
50 	210.00 	133.00 	121.00 	31.00 	79.00 	35.00 	968 	167 	716 	5 	0 	0 	0 	0 	0 	0 	0 	0 	0 
51 	216.00 	136.00 	124.00 	32.00 	81.00 	35.00 	992 	172 	732 	5 	0 	0 	0 	0 	0 	0 	0 	0 	0 
52 	222.00 	140.00 	127.00 	33.00 	84.00 	36.00 	1016 	178 	754 	5 	0 	0 	0 	0 	0 	0 	0 	0 	0 
53 	228.00 	144.00 	130.00 	33.00 	86.00 	36.00 	1040 	178 	775 	5 	0 	0 	0 	0 	0 	0 	0 	0 	0 
54 	234.00 	147.00 	134.00 	34.00 	88.00 	37.00 	1072 	183 	792 	5 	0 	0 	0 	0 	0 	0 	0 	0 	0 
55 	239.00 	151.00 	137.00 	35.00 	90.00 	37.00 	1096 	188 	813 	5 	0 	0 	0 	0 	0 	0 	0 	0 	0 
56 	245.00 	155.00 	140.00 	36.00 	92.00 	38.00 	1120 	194 	835 	5 	0 	0 	0 	0 	0 	0 	0 	0 	0 
57 	251.00 	159.00 	144.00 	36.00 	95.00 	38.00 	1152 	194 	856 	5 	0 	0 	0 	0 	0 	0 	0 	0 	0 
58 	257.00 	163.00 	147.00 	37.00 	97.00 	39.00 	1176 	199 	878 	5 	0 	0 	0 	0 	0 	0 	0 	0 	0 
59 	264.00 	166.00 	150.00 	38.00 	99.00 	39.00 	1200 	205 	894 	5 	0 	0 	0 	0 	0 	0 	0 	0 	0 
60 	270.00 	170.00 	154.00 	39.00 	102.00 	40.00 	1232 	210 	915 	5 	0 	0 	0 	0 	0 	0 	0 	0 	0 
61 	276.00 	174.00 	157.00 	40.00 	104.00 	40.00 	1256 	215 	937 	5 	0 	0 	0 	0 	0 	0 	0 	0 	0 
62 	282.00 	178.00 	161.00 	41.00 	106.00 	41.00 	1288 	221 	958 	6 	0 	0 	0 	0 	0 	0 	0 	0 	0 
63 	289.00 	182.00 	164.00 	41.00 	109.00 	41.00 	1312 	221 	980 	6 	0 	0 	0 	0 	0 	0 	0 	0 	0 
64 	295.00 	186.00 	168.00 	42.00 	111.00 	42.00 	1344 	226 	1002 	6 	0 	0 	0 	0 	0 	0 	0 	0 	0 
65 	301.00 	190.00 	171.00 	43.00 	113.00 	42.00 	1368 	232 	1023 	6 	0 	0 	0 	0 	0 	0 	0 	0 	0 
66 	308.00 	194.00 	175.00 	44.00 	116.00 	43.00 	1400 	237 	1045 	6 	0 	0 	0 	0 	0 	0 	0 	0 	0 
67 	314.00 	198.00 	178.00 	45.00 	118.00 	43.00 	1424 	242 	1066 	6 	0 	0 	0 	0 	0 	0 	0 	0 	0 
68 	321.00 	202.00 	182.00 	46.00 	121.00 	44.00 	1456 	248 	1088 	6 	0 	0 	0 	0 	0 	0 	0 	0 	0 
69 	327.00 	207.00 	186.00 	46.00 	123.00 	44.00 	1488 	248 	1115 	6 	0 	0 	0 	0 	0 	0 	0 	0 	0 
70 	334.00 	211.00 	189.00 	47.00 	126.00 	45.00 	1512 	253 	1136 	6 	0 	0 	0 	0 	0 	0 	0 	0 	0 
71 	341.00 	215.00 	193.00 	48.00 	128.00 	45.00 	1544 	258 	1158 	6 	0 	0 	0 	0 	0 	0 	0 	0 	0 
72 	347.00 	219.00 	197.00 	49.00 	131.00 	46.00 	1576 	264 	1179 	6 	0 	0 	0 	0 	0 	0 	0 	0 	0 
73 	354.00 	223.00 	200.00 	50.00 	133.00 	46.00 	1600 	269 	1201 	6 	0 	0 	0 	0 	0 	0 	0 	0 	0 
74 	361.00 	228.00 	204.00 	51.00 	136.00 	47.00 	1632 	275 	1228 	6 	0 	0 	0 	0 	0 	0 	0 	0 	0 
75 	368.00 	232.00 	208.00 	52.00 	138.00 	47.00 	1664 	280 	1249 	6 	0 	0 	0 	0 	0 	0 	0 	0 	0 
76 	375.00 	236.00 	212.00 	53.00 	141.00 	48.00 	1696 	285 	1271 	6 	0 	0 	0 	0 	0 	0 	0 	0 	0 
77 	382.00 	241.00 	216.00 	53.00 	143.00 	48.00 	1728 	285 	1298 	6 	0 	0 	0 	0 	0 	0 	0 	0 	0 
78 	389.00 	245.00 	220.00 	54.00 	146.00 	49.00 	1760 	291 	1319 	7 	0 	0 	0 	0 	0 	0 	0 	0 	0 
79 	396.00 	250.00 	223.00 	55.00 	149.00 	49.00 	1784 	296 	1346 	7 	0 	0 	0 	0 	0 	0 	0 	0 	0 
80 	403.00 	254.00 	227.00 	56.00 	151.00 	50.00 	1816 	302 	1368 	7 	0 	0 	0 	0 	0 	0 	0 	0 	0 
81 	410.00 	259.00 	231.00 	57.00 	154.00 	50.00 	1848 	307 	1395 	7 	0 	0 	0 	0 	0 	0 	0 	0 	0 
82 	417.00 	263.00 	235.00 	58.00 	157.00 	51.00 	1880 	312 	1416 	7 	0 	0 	0 	0 	0 	0 	0 	0 	0 
83 	424.00 	268.00 	239.00 	59.00 	159.00 	51.00 	1912 	318 	1443 	7 	0 	0 	0 	0 	0 	0 	0 	0 	0 
84 	432.00 	272.00 	243.00 	60.00 	162.00 	52.00 	1944 	323 	1465 	7 	0 	0 	0 	0 	0 	0 	0 	0 	0 
85 	439.00 	277.00 	247.00 	61.00 	165.00 	52.00 	1976 	328 	1492 	7 	0 	0 	0 	0 	0 	0 	0 	0 	0 
86 	446.00 	281.00 	251.00 	62.00 	167.00 	53.00 	2008 	334 	1513 	7 	0 	0 	0 	0 	0 	0 	0 	0 	0 
87 	453.00 	286.00 	255.00 	63.00 	170.00 	53.00 	2040 	339 	1540 	7 	0 	0 	0 	0 	0 	0 	0 	0 	0 
88 	461.00 	291.00 	259.00 	64.00 	173.00 	54.00 	2072 	345 	1567 	7 	0 	0 	0 	0 	0 	0 	0 	0 	0 
89 	468.00 	295.00 	264.00 	65.00 	176.00 	54.00 	2112 	350 	1588 	7 	0 	0 	0 	0 	0 	0 	0 	0 	0 
90 	476.00 	300.00 	268.00 	66.00 	179.00 	55.00 	2144 	355 	1615 	7 	0 	0 	0 	0 	0 	0 	0 	0 	0 
91 	483.00 	305.00 	272.00 	67.00 	181.00 	55.00 	2176 	361 	1642 	7 	0 	0 	0 	0 	0 	0 	0 	0 	0 
92 	491.00 	310.00 	276.00 	68.00 	184.00 	56.00 	2208 	366 	1669 	7 	0 	0 	0 	0 	0 	0 	0 	0 	0 
93 	498.00 	314.00 	280.00 	69.00 	187.00 	56.00 	2240 	372 	1691 	7 	0 	0 	0 	0 	0 	0 	0 	0 	0 
94 	506.00 	319.00 	284.00 	70.00 	190.00 	57.00 	2272 	377 	1718 	8 	0 	0 	0 	0 	0 	0 	0 	0 	0 
95 	514.00 	324.00 	289.00 	71.00 	193.00 	57.00 	2312 	382 	1745 	8 	0 	0 	0 	0 	0 	0 	0 	0 	0 
96 	521.00 	329.00 	293.00 	72.00 	196.00 	58.00 	2344 	388 	1772 	8 	0 	0 	0 	0 	0 	0 	0 	0 	0 
97 	529.00 	334.00 	297.00 	73.00 	199.00 	58.00 	2376 	393 	1798 	8 	0 	0 	0 	0 	0 	0 	0 	0 	0 
98 	537.00 	339.00 	301.00 	74.00 	201.00 	59.00 	2408 	398 	1825 	8 	0 	0 	0 	0 	0 	0 	0 	0 	0 
99 	545.00 	344.00 	306.00 	75.00 	204.00 	59.00 	2448 	404 	1852 	8 	0 	0 	0 	0 	0 	0 	0 	0 	0 
100 	553.00 	348.00 	310.00 	76.00 	207.00 	60.00 	2480 	409 	1874 	8 	0 	0 	0 	0 	0 	0 	0 	0 	0 
8																			
LV	STR	Dex	CON	WIS	INT	CHA	기본 HP	기본 MP	기본 SP	기본 AC	기본 AR	기본 DR	FIRE	WATER	EARTH	AIR	MAGIC	최소 데미지	최대 데미지
1 	12.00 	16.00 	11.00 	8.00 	9.00 	10.00 	88 	43 	86 	2 	0 	0 	0 	0 	0 	0 	0 	0 	0 
2 	13.00 	17.00 	12.00 	8.00 	9.00 	11.00 	96 	43 	92 	2 	0 	0 	0 	0 	0 	0 	0 	0 	0 
3 	14.00 	18.00 	13.00 	9.00 	10.00 	11.00 	104 	48 	97 	2 	0 	0 	0 	0 	0 	0 	0 	0 	0 
4 	15.00 	19.00 	14.00 	9.00 	10.00 	12.00 	112 	48 	102 	2 	0 	0 	0 	0 	0 	0 	0 	0 	0 
5 	16.00 	20.00 	15.00 	9.00 	11.00 	12.00 	120 	48 	108 	2 	0 	0 	0 	0 	0 	0 	0 	0 	0 
6 	17.00 	22.00 	16.00 	10.00 	11.00 	13.00 	128 	54 	118 	2 	0 	0 	0 	0 	0 	0 	0 	0 	0 
7 	18.00 	23.00 	17.00 	10.00 	12.00 	13.00 	136 	54 	124 	2 	0 	0 	0 	0 	0 	0 	0 	0 	0 
8 	19.00 	25.00 	18.00 	11.00 	13.00 	14.00 	144 	59 	135 	2 	0 	0 	0 	0 	0 	0 	0 	0 	0 
9 	21.00 	27.00 	19.00 	12.00 	13.00 	14.00 	152 	65 	145 	2 	0 	0 	0 	0 	0 	0 	0 	0 	0 
10 	22.00 	28.00 	21.00 	12.00 	14.00 	15.00 	168 	65 	151 	2 	0 	0 	0 	0 	0 	0 	0 	0 	0 
11 	24.00 	30.00 	22.00 	13.00 	15.00 	15.00 	176 	70 	162 	2 	0 	0 	0 	0 	0 	0 	0 	0 	0 
12 	26.00 	32.00 	24.00 	13.00 	16.00 	16.00 	192 	70 	172 	2 	0 	0 	0 	0 	0 	0 	0 	0 	0 
13 	27.00 	34.00 	25.00 	14.00 	16.00 	16.00 	200 	75 	183 	2 	0 	0 	0 	0 	0 	0 	0 	0 	0 
14 	29.00 	36.00 	27.00 	15.00 	17.00 	17.00 	216 	81 	194 	2 	0 	0 	0 	0 	0 	0 	0 	0 	0 
15 	31.00 	38.00 	29.00 	15.00 	18.00 	17.00 	232 	81 	205 	2 	0 	0 	0 	0 	0 	0 	0 	0 	0 
16 	33.00 	41.00 	30.00 	16.00 	19.00 	18.00 	240 	86 	221 	2 	0 	0 	0 	0 	0 	0 	0 	0 	0 
17 	35.00 	43.00 	32.00 	17.00 	20.00 	18.00 	256 	92 	232 	3 	0 	0 	0 	0 	0 	0 	0 	0 	0 
18 	37.00 	45.00 	34.00 	18.00 	21.00 	19.00 	272 	97 	242 	3 	0 	0 	0 	0 	0 	0 	0 	0 	0 
19 	39.00 	48.00 	36.00 	19.00 	22.00 	19.00 	288 	102 	258 	3 	0 	0 	0 	0 	0 	0 	0 	0 	0 
20 	41.00 	50.00 	38.00 	19.00 	23.00 	20.00 	304 	102 	269 	3 	0 	0 	0 	0 	0 	0 	0 	0 	0 
21 	43.00 	53.00 	40.00 	20.00 	24.00 	20.00 	320 	108 	285 	3 	0 	0 	0 	0 	0 	0 	0 	0 	0 
22 	45.00 	55.00 	42.00 	21.00 	25.00 	21.00 	336 	113 	296 	3 	0 	0 	0 	0 	0 	0 	0 	0 	0 
23 	47.00 	58.00 	44.00 	22.00 	26.00 	21.00 	352 	118 	312 	3 	0 	0 	0 	0 	0 	0 	0 	0 	0 
24 	50.00 	61.00 	46.00 	23.00 	27.00 	22.00 	368 	124 	328 	3 	0 	0 	0 	0 	0 	0 	0 	0 	0 
25 	52.00 	63.00 	48.00 	24.00 	28.00 	22.00 	384 	129 	339 	3 	0 	0 	0 	0 	0 	0 	0 	0 	0 
26 	54.00 	66.00 	51.00 	25.00 	29.00 	23.00 	408 	135 	355 	3 	0 	0 	0 	0 	0 	0 	0 	0 	0 
27 	57.00 	69.00 	53.00 	26.00 	31.00 	23.00 	424 	140 	372 	3 	0 	0 	0 	0 	0 	0 	0 	0 	0 
28 	59.00 	72.00 	55.00 	27.00 	32.00 	24.00 	440 	145 	388 	3 	0 	0 	0 	0 	0 	0 	0 	0 	0 
29 	62.00 	75.00 	58.00 	28.00 	33.00 	24.00 	464 	151 	404 	3 	0 	0 	0 	0 	0 	0 	0 	0 	0 
30 	64.00 	78.00 	60.00 	29.00 	34.00 	25.00 	480 	156 	420 	3 	0 	0 	0 	0 	0 	0 	0 	0 	0 
31 	67.00 	81.00 	62.00 	30.00 	35.00 	25.00 	496 	162 	436 	3 	0 	0 	0 	0 	0 	0 	0 	0 	0 
32 	70.00 	84.00 	65.00 	31.00 	37.00 	26.00 	520 	167 	452 	3 	0 	0 	0 	0 	0 	0 	0 	0 	0 
33 	72.00 	87.00 	67.00 	32.00 	38.00 	26.00 	536 	172 	468 	3 	0 	0 	0 	0 	0 	0 	0 	0 	0 
34 	75.00 	90.00 	70.00 	33.00 	39.00 	27.00 	560 	178 	485 	3 	0 	0 	0 	0 	0 	0 	0 	0 	0 
35 	78.00 	94.00 	72.00 	34.00 	41.00 	27.00 	576 	183 	506 	3 	0 	0 	0 	0 	0 	0 	0 	0 	0 
36 	80.00 	97.00 	75.00 	35.00 	42.00 	28.00 	600 	188 	522 	3 	0 	0 	0 	0 	0 	0 	0 	0 	0 
37 	83.00 	100.00 	78.00 	36.00 	43.00 	28.00 	624 	194 	538 	3 	0 	0 	0 	0 	0 	0 	0 	0 	0 
38 	86.00 	104.00 	80.00 	37.00 	45.00 	29.00 	640 	199 	560 	3 	0 	0 	0 	0 	0 	0 	0 	0 	0 
39 	89.00 	107.00 	83.00 	39.00 	46.00 	29.00 	664 	210 	576 	3 	0 	0 	0 	0 	0 	0 	0 	0 	0 
40 	92.00 	111.00 	86.00 	40.00 	48.00 	30.00 	688 	215 	598 	3 	0 	0 	0 	0 	0 	0 	0 	0 	0 
41 	95.00 	114.00 	89.00 	41.00 	49.00 	30.00 	712 	221 	614 	3 	0 	0 	0 	0 	0 	0 	0 	0 	0 
42 	98.00 	118.00 	91.00 	42.00 	50.00 	31.00 	728 	226 	635 	4 	0 	0 	0 	0 	0 	0 	0 	0 	0 
43 	101.00 	121.00 	94.00 	43.00 	52.00 	31.00 	752 	232 	652 	4 	0 	0 	0 	0 	0 	0 	0 	0 	0 
44 	104.00 	125.00 	97.00 	44.00 	53.00 	32.00 	776 	237 	673 	4 	0 	0 	0 	0 	0 	0 	0 	0 	0 
45 	107.00 	128.00 	100.00 	46.00 	55.00 	32.00 	800 	248 	689 	4 	0 	0 	0 	0 	0 	0 	0 	0 	0 
46 	110.00 	132.00 	103.00 	47.00 	56.00 	33.00 	824 	253 	711 	4 	0 	0 	0 	0 	0 	0 	0 	0 	0 
47 	113.00 	136.00 	106.00 	48.00 	58.00 	33.00 	848 	258 	732 	4 	0 	0 	0 	0 	0 	0 	0 	0 	0 
48 	116.00 	140.00 	109.00 	49.00 	59.00 	34.00 	872 	264 	754 	4 	0 	0 	0 	0 	0 	0 	0 	0 	0 
49 	120.00 	143.00 	112.00 	51.00 	61.00 	34.00 	896 	275 	770 	4 	0 	0 	0 	0 	0 	0 	0 	0 	0 
50 	123.00 	147.00 	115.00 	52.00 	62.00 	35.00 	920 	280 	792 	4 	0 	0 	0 	0 	0 	0 	0 	0 	0 
51 	126.00 	151.00 	118.00 	53.00 	64.00 	35.00 	944 	285 	813 	4 	0 	0 	0 	0 	0 	0 	0 	0 	0 
52 	129.00 	155.00 	121.00 	55.00 	66.00 	36.00 	968 	296 	835 	4 	0 	0 	0 	0 	0 	0 	0 	0 	0 
53 	133.00 	159.00 	124.00 	56.00 	67.00 	36.00 	992 	302 	856 	4 	0 	0 	0 	0 	0 	0 	0 	0 	0 
54 	136.00 	163.00 	127.00 	57.00 	69.00 	37.00 	1016 	307 	878 	4 	0 	0 	0 	0 	0 	0 	0 	0 	0 
55 	139.00 	167.00 	130.00 	59.00 	70.00 	37.00 	1040 	318 	899 	4 	0 	0 	0 	0 	0 	0 	0 	0 	0 
56 	143.00 	171.00 	134.00 	60.00 	72.00 	38.00 	1072 	323 	921 	4 	0 	0 	0 	0 	0 	0 	0 	0 	0 
57 	146.00 	175.00 	137.00 	61.00 	74.00 	38.00 	1096 	328 	942 	4 	0 	0 	0 	0 	0 	0 	0 	0 	0 
58 	150.00 	179.00 	140.00 	63.00 	75.00 	39.00 	1120 	339 	964 	4 	0 	0 	0 	0 	0 	0 	0 	0 	0 
59 	153.00 	183.00 	143.00 	64.00 	77.00 	39.00 	1144 	345 	985 	4 	0 	0 	0 	0 	0 	0 	0 	0 	0 
60 	157.00 	188.00 	147.00 	66.00 	79.00 	40.00 	1176 	355 	1012 	4 	0 	0 	0 	0 	0 	0 	0 	0 	0 
61 	160.00 	192.00 	150.00 	67.00 	81.00 	40.00 	1200 	361 	1034 	4 	0 	0 	0 	0 	0 	0 	0 	0 	0 
62 	164.00 	196.00 	153.00 	68.00 	82.00 	41.00 	1224 	366 	1055 	5 	0 	0 	0 	0 	0 	0 	0 	0 	0 
63 	168.00 	200.00 	157.00 	70.00 	84.00 	41.00 	1256 	377 	1077 	5 	0 	0 	0 	0 	0 	0 	0 	0 	0 
64 	171.00 	205.00 	160.00 	71.00 	86.00 	42.00 	1280 	382 	1104 	5 	0 	0 	0 	0 	0 	0 	0 	0 	0 
65 	175.00 	209.00 	164.00 	73.00 	88.00 	42.00 	1312 	393 	1125 	5 	0 	0 	0 	0 	0 	0 	0 	0 	0 
66 	179.00 	213.00 	167.00 	74.00 	89.00 	43.00 	1336 	398 	1147 	5 	0 	0 	0 	0 	0 	0 	0 	0 	0 
67 	182.00 	218.00 	171.00 	76.00 	91.00 	43.00 	1368 	409 	1174 	5 	0 	0 	0 	0 	0 	0 	0 	0 	0 
68 	186.00 	222.00 	174.00 	77.00 	93.00 	44.00 	1392 	415 	1195 	5 	0 	0 	0 	0 	0 	0 	0 	0 	0 
69 	190.00 	227.00 	178.00 	79.00 	95.00 	44.00 	1424 	425 	1222 	5 	0 	0 	0 	0 	0 	0 	0 	0 	0 
70 	194.00 	231.00 	181.00 	80.00 	97.00 	45.00 	1448 	431 	1244 	5 	0 	0 	0 	0 	0 	0 	0 	0 	0 
71 	198.00 	236.00 	185.00 	82.00 	98.00 	45.00 	1480 	442 	1271 	5 	0 	0 	0 	0 	0 	0 	0 	0 	0 
72 	201.00 	240.00 	188.00 	83.00 	100.00 	46.00 	1504 	447 	1292 	5 	0 	0 	0 	0 	0 	0 	0 	0 	0 
73 	205.00 	245.00 	192.00 	85.00 	102.00 	46.00 	1536 	458 	1319 	5 	0 	0 	0 	0 	0 	0 	0 	0 	0 
74 	209.00 	250.00 	196.00 	86.00 	104.00 	47.00 	1568 	463 	1346 	5 	0 	0 	0 	0 	0 	0 	0 	0 	0 
75 	213.00 	254.00 	199.00 	88.00 	106.00 	47.00 	1592 	474 	1368 	5 	0 	0 	0 	0 	0 	0 	0 	0 	0 
76 	217.00 	259.00 	203.00 	89.00 	108.00 	48.00 	1624 	479 	1395 	5 	0 	0 	0 	0 	0 	0 	0 	0 	0 
77 	221.00 	264.00 	207.00 	91.00 	110.00 	48.00 	1656 	490 	1422 	5 	0 	0 	0 	0 	0 	0 	0 	0 	0 
78 	225.00 	268.00 	210.00 	93.00 	112.00 	49.00 	1680 	501 	1443 	5 	0 	0 	0 	0 	0 	0 	0 	0 	0 
79 	229.00 	273.00 	214.00 	94.00 	114.00 	49.00 	1712 	506 	1470 	5 	0 	0 	0 	0 	0 	0 	0 	0 	0 
80 	233.00 	278.00 	218.00 	96.00 	116.00 	50.00 	1744 	517 	1497 	5 	0 	0 	0 	0 	0 	0 	0 	0 	0 
81 	237.00 	283.00 	222.00 	97.00 	118.00 	50.00 	1776 	522 	1524 	5 	0 	0 	0 	0 	0 	0 	0 	0 	0 
82 	241.00 	288.00 	226.00 	99.00 	120.00 	51.00 	1808 	533 	1551 	5 	0 	0 	0 	0 	0 	0 	0 	0 	0 
83 	245.00 	293.00 	230.00 	101.00 	122.00 	51.00 	1840 	544 	1578 	5 	0 	0 	0 	0 	0 	0 	0 	0 	0 
84 	250.00 	297.00 	233.00 	102.00 	124.00 	52.00 	1864 	549 	1599 	5 	0 	0 	0 	0 	0 	0 	0 	0 	0 
85 	254.00 	302.00 	237.00 	104.00 	126.00 	52.00 	1896 	560 	1626 	5 	0 	0 	0 	0 	0 	0 	0 	0 	0 
86 	258.00 	307.00 	241.00 	106.00 	128.00 	53.00 	1928 	571 	1653 	5 	0 	0 	0 	0 	0 	0 	0 	0 	0 
87 	262.00 	312.00 	245.00 	107.00 	130.00 	53.00 	1960 	576 	1680 	5 	0 	0 	0 	0 	0 	0 	0 	0 	0 
88 	266.00 	317.00 	249.00 	109.00 	132.00 	54.00 	1992 	587 	1707 	5 	0 	0 	0 	0 	0 	0 	0 	0 	0 
89 	271.00 	322.00 	253.00 	111.00 	134.00 	54.00 	2024 	598 	1734 	5 	0 	0 	0 	0 	0 	0 	0 	0 	0 
90 	275.00 	327.00 	257.00 	112.00 	136.00 	55.00 	2056 	603 	1761 	5 	0 	0 	0 	0 	0 	0 	0 	0 	0 
91 	279.00 	333.00 	261.00 	114.00 	138.00 	55.00 	2088 	614 	1793 	5 	0 	0 	0 	0 	0 	0 	0 	0 	0 
92 	284.00 	338.00 	265.00 	116.00 	140.00 	56.00 	2120 	625 	1820 	5 	0 	0 	0 	0 	0 	0 	0 	0 	0 
93 	288.00 	343.00 	269.00 	118.00 	142.00 	56.00 	2152 	635 	1847 	5 	0 	0 	0 	0 	0 	0 	0 	0 	0 
94 	292.00 	348.00 	273.00 	119.00 	144.00 	57.00 	2184 	641 	1874 	6 	0 	0 	0 	0 	0 	0 	0 	0 	0 
95 	297.00 	353.00 	278.00 	121.00 	146.00 	57.00 	2224 	652 	1901 	6 	0 	0 	0 	0 	0 	0 	0 	0 	0 
96 	301.00 	358.00 	282.00 	123.00 	148.00 	58.00 	2256 	662 	1928 	6 	0 	0 	0 	0 	0 	0 	0 	0 	0 
97 	306.00 	364.00 	286.00 	125.00 	151.00 	58.00 	2288 	673 	1960 	6 	0 	0 	0 	0 	0 	0 	0 	0 	0 
98 	310.00 	369.00 	290.00 	126.00 	153.00 	59.00 	2320 	678 	1987 	6 	0 	0 	0 	0 	0 	0 	0 	0 	0 
99 	315.00 	374.00 	294.00 	128.00 	155.00 	59.00 	2352 	689 	2014 	6 	0 	0 	0 	0 	0 	0 	0 	0 	0 
100 	319.00 	380.00 	298.00 	130.00 	157.00 	60.00 	2384 	700 	2046 	6 	0 	0 	0 	0 	0 	0 	0 	0 	0 
3																			
LV	STR	Dex	CON	WIS	INT	CHA	기본 HP	기본 MP	기본 SP	기본 AC	기본 AR	기본 DR	FIRE	WATER	EARTH	AIR	MAGIC	최소 데미지	최대 데미지
1 	8.00 	8.00 	9.00 	14.00 	17.00 	10.00 	72 	75 	43 	2 	0 	0 	0 	0 	0 	0 	0 	0 	0 
2 	9.00 	9.00 	10.00 	15.00 	18.00 	11.00 	80 	81 	48 	2 	0 	0 	0 	0 	0 	0 	0 	0 	0 
3 	10.00 	10.00 	10.00 	16.00 	19.00 	11.00 	80 	86 	54 	2 	0 	0 	0 	0 	0 	0 	0 	0 	0 
4 	11.00 	11.00 	11.00 	18.00 	20.00 	12.00 	88 	97 	59 	2 	0 	0 	0 	0 	0 	0 	0 	0 	0 
5 	12.00 	12.00 	12.00 	19.00 	22.00 	12.00 	96 	102 	65 	2 	0 	0 	0 	0 	0 	0 	0 	0 	0 
6 	13.00 	13.00 	12.00 	21.00 	24.00 	13.00 	96 	113 	70 	2 	0 	0 	0 	0 	0 	0 	0 	0 	0 
7 	15.00 	14.00 	13.00 	23.00 	26.00 	13.00 	104 	124 	75 	2 	0 	0 	0 	0 	0 	0 	0 	0 	0 
8 	16.00 	15.00 	14.00 	25.00 	28.00 	14.00 	112 	135 	81 	2 	0 	0 	0 	0 	0 	0 	0 	0 	0 
9 	18.00 	17.00 	15.00 	27.00 	31.00 	14.00 	120 	145 	92 	2 	0 	0 	0 	0 	0 	0 	0 	0 	0 
10 	19.00 	18.00 	16.00 	29.00 	33.00 	15.00 	128 	156 	97 	2 	0 	0 	0 	0 	0 	0 	0 	0 	0 
11 	21.00 	19.00 	17.00 	31.00 	36.00 	15.00 	136 	167 	102 	2 	0 	0 	0 	0 	0 	0 	0 	0 	0 
12 	23.00 	21.00 	18.00 	33.00 	38.00 	16.00 	144 	178 	113 	2 	0 	0 	0 	0 	0 	0 	0 	0 	0 
13 	25.00 	23.00 	19.00 	36.00 	41.00 	16.00 	152 	194 	124 	2 	0 	0 	0 	0 	0 	0 	0 	0 	0 
14 	26.00 	24.00 	21.00 	38.00 	44.00 	17.00 	168 	205 	129 	2 	0 	0 	0 	0 	0 	0 	0 	0 	0 
15 	28.00 	26.00 	22.00 	41.00 	47.00 	17.00 	176 	221 	140 	2 	0 	0 	0 	0 	0 	0 	0 	0 	0 
16 	30.00 	28.00 	23.00 	43.00 	50.00 	18.00 	184 	232 	151 	2 	0 	0 	0 	0 	0 	0 	0 	0 	0 
17 	33.00 	30.00 	24.00 	46.00 	53.00 	18.00 	192 	248 	162 	2 	0 	0 	0 	0 	0 	0 	0 	0 	0 
18 	35.00 	32.00 	26.00 	49.00 	57.00 	19.00 	208 	264 	172 	2 	0 	0 	0 	0 	0 	0 	0 	0 	0 
19 	37.00 	34.00 	27.00 	52.00 	60.00 	19.00 	216 	280 	183 	2 	0 	0 	0 	0 	0 	0 	0 	0 	0 
20 	39.00 	36.00 	29.00 	55.00 	63.00 	20.00 	232 	296 	194 	2 	0 	0 	0 	0 	0 	0 	0 	0 	0 
21 	41.00 	38.00 	30.00 	58.00 	67.00 	20.00 	240 	312 	205 	2 	0 	0 	0 	0 	0 	0 	0 	0 	0 
22 	44.00 	40.00 	32.00 	61.00 	71.00 	21.00 	256 	328 	215 	2 	0 	0 	0 	0 	0 	0 	0 	0 	0 
23 	46.00 	42.00 	33.00 	64.00 	74.00 	21.00 	264 	345 	226 	2 	0 	0 	0 	0 	0 	0 	0 	0 	0 
24 	49.00 	44.00 	35.00 	67.00 	78.00 	22.00 	280 	361 	237 	2 	0 	0 	0 	0 	0 	0 	0 	0 	0 
25 	51.00 	46.00 	36.00 	70.00 	82.00 	22.00 	288 	377 	248 	2 	0 	0 	0 	0 	0 	0 	0 	0 	0 
26 	54.00 	49.00 	38.00 	74.00 	86.00 	23.00 	304 	398 	264 	2 	0 	0 	0 	0 	0 	0 	0 	0 	0 
27 	56.00 	51.00 	40.00 	77.00 	90.00 	23.00 	320 	415 	275 	2 	0 	0 	0 	0 	0 	0 	0 	0 	0 
28 	59.00 	53.00 	41.00 	81.00 	94.00 	24.00 	328 	436 	285 	2 	0 	0 	0 	0 	0 	0 	0 	0 	0 
29 	62.00 	56.00 	43.00 	84.00 	98.00 	24.00 	344 	452 	302 	2 	0 	0 	0 	0 	0 	0 	0 	0 	0 
30 	65.00 	58.00 	45.00 	88.00 	102.00 	25.00 	360 	474 	312 	2 	0 	0 	0 	0 	0 	0 	0 	0 	0 
31 	67.00 	61.00 	46.00 	91.00 	106.00 	25.00 	368 	490 	328 	2 	0 	0 	0 	0 	0 	0 	0 	0 	0 
32 	70.00 	63.00 	48.00 	95.00 	111.00 	26.00 	384 	512 	339 	2 	0 	0 	0 	0 	0 	0 	0 	0 	0 
33 	73.00 	66.00 	50.00 	99.00 	115.00 	26.00 	400 	533 	355 	2 	0 	0 	0 	0 	0 	0 	0 	0 	0 
34 	76.00 	68.00 	52.00 	103.00 	119.00 	27.00 	416 	555 	366 	2 	0 	0 	0 	0 	0 	0 	0 	0 	0 
35 	79.00 	71.00 	54.00 	106.00 	124.00 	27.00 	432 	571 	382 	2 	0 	0 	0 	0 	0 	0 	0 	0 	0 
36 	82.00 	73.00 	56.00 	110.00 	129.00 	28.00 	448 	592 	393 	2 	0 	0 	0 	0 	0 	0 	0 	0 	0 
37 	85.00 	76.00 	58.00 	114.00 	133.00 	28.00 	464 	614 	409 	2 	0 	0 	0 	0 	0 	0 	0 	0 	0 
38 	88.00 	79.00 	60.00 	118.00 	138.00 	29.00 	480 	635 	425 	2 	0 	0 	0 	0 	0 	0 	0 	0 	0 
39 	91.00 	82.00 	61.00 	122.00 	143.00 	29.00 	488 	657 	442 	2 	0 	0 	0 	0 	0 	0 	0 	0 	0 
40 	94.00 	84.00 	63.00 	127.00 	147.00 	30.00 	504 	684 	452 	2 	0 	0 	0 	0 	0 	0 	0 	0 	0 
41 	97.00 	87.00 	65.00 	131.00 	152.00 	30.00 	520 	705 	468 	2 	0 	0 	0 	0 	0 	0 	0 	0 	0 
42 	101.00 	90.00 	68.00 	135.00 	157.00 	31.00 	544 	727 	485 	3 	0 	0 	0 	0 	0 	0 	0 	0 	0 
43 	104.00 	93.00 	70.00 	139.00 	162.00 	31.00 	560 	748 	501 	3 	0 	0 	0 	0 	0 	0 	0 	0 	0 
44 	107.00 	96.00 	72.00 	143.00 	167.00 	32.00 	576 	770 	517 	3 	0 	0 	0 	0 	0 	0 	0 	0 	0 
45 	111.00 	99.00 	74.00 	148.00 	172.00 	32.00 	592 	797 	533 	3 	0 	0 	0 	0 	0 	0 	0 	0 	0 
46 	114.00 	102.00 	76.00 	152.00 	177.00 	33.00 	608 	818 	549 	3 	0 	0 	0 	0 	0 	0 	0 	0 	0 
47 	117.00 	105.00 	78.00 	157.00 	183.00 	33.00 	624 	845 	565 	3 	0 	0 	0 	0 	0 	0 	0 	0 	0 
48 	121.00 	108.00 	80.00 	161.00 	188.00 	34.00 	640 	867 	582 	3 	0 	0 	0 	0 	0 	0 	0 	0 	0 
49 	124.00 	111.00 	82.00 	166.00 	193.00 	34.00 	656 	894 	598 	3 	0 	0 	0 	0 	0 	0 	0 	0 	0 
50 	128.00 	114.00 	85.00 	170.00 	198.00 	35.00 	680 	915 	614 	3 	0 	0 	0 	0 	0 	0 	0 	0 	0 
51 	131.00 	117.00 	87.00 	175.00 	204.00 	35.00 	696 	942 	630 	3 	0 	0 	0 	0 	0 	0 	0 	0 	0 
52 	135.00 	120.00 	89.00 	180.00 	209.00 	36.00 	712 	969 	646 	3 	0 	0 	0 	0 	0 	0 	0 	0 	0 
53 	138.00 	124.00 	91.00 	184.00 	215.00 	36.00 	728 	991 	668 	3 	0 	0 	0 	0 	0 	0 	0 	0 	0 
54 	142.00 	127.00 	94.00 	189.00 	220.00 	37.00 	752 	1018 	684 	3 	0 	0 	0 	0 	0 	0 	0 	0 	0 
55 	146.00 	130.00 	96.00 	194.00 	226.00 	37.00 	768 	1045 	700 	3 	0 	0 	0 	0 	0 	0 	0 	0 	0 
56 	150.00 	133.00 	98.00 	199.00 	232.00 	38.00 	784 	1072 	716 	3 	0 	0 	0 	0 	0 	0 	0 	0 	0 
57 	153.00 	137.00 	101.00 	203.00 	237.00 	38.00 	808 	1093 	738 	3 	0 	0 	0 	0 	0 	0 	0 	0 	0 
58 	157.00 	140.00 	103.00 	208.00 	243.00 	39.00 	824 	1120 	754 	3 	0 	0 	0 	0 	0 	0 	0 	0 	0 
59 	161.00 	143.00 	105.00 	213.00 	249.00 	39.00 	840 	1147 	770 	3 	0 	0 	0 	0 	0 	0 	0 	0 	0 
60 	165.00 	147.00 	108.00 	218.00 	255.00 	40.00 	864 	1174 	792 	3 	0 	0 	0 	0 	0 	0 	0 	0 	0 
61 	168.00 	150.00 	110.00 	223.00 	260.00 	40.00 	880 	1201 	808 	3 	0 	0 	0 	0 	0 	0 	0 	0 	0 
62 	172.00 	154.00 	113.00 	228.00 	266.00 	41.00 	904 	1228 	829 	3 	0 	0 	0 	0 	0 	0 	0 	0 	0 
63 	176.00 	157.00 	115.00 	233.00 	272.00 	41.00 	920 	1255 	845 	3 	0 	0 	0 	0 	0 	0 	0 	0 	0 
64 	180.00 	161.00 	118.00 	239.00 	278.00 	42.00 	944 	1287 	867 	3 	0 	0 	0 	0 	0 	0 	0 	0 	0 
65 	184.00 	164.00 	120.00 	244.00 	284.00 	42.00 	960 	1314 	883 	3 	0 	0 	0 	0 	0 	0 	0 	0 	0 
66 	188.00 	168.00 	123.00 	249.00 	290.00 	43.00 	984 	1341 	905 	3 	0 	0 	0 	0 	0 	0 	0 	0 	0 
67 	192.00 	171.00 	125.00 	254.00 	297.00 	43.00 	1000 	1368 	921 	3 	0 	0 	0 	0 	0 	0 	0 	0 	0 
68 	196.00 	175.00 	128.00 	260.00 	303.00 	44.00 	1024 	1400 	942 	3 	0 	0 	0 	0 	0 	0 	0 	0 	0 
69 	200.00 	178.00 	130.00 	265.00 	309.00 	44.00 	1040 	1427 	958 	3 	0 	0 	0 	0 	0 	0 	0 	0 	0 
70 	204.00 	182.00 	133.00 	270.00 	315.00 	45.00 	1064 	1454 	980 	3 	0 	0 	0 	0 	0 	0 	0 	0 	0 
71 	209.00 	186.00 	136.00 	276.00 	321.00 	45.00 	1088 	1486 	1002 	3 	0 	0 	0 	0 	0 	0 	0 	0 	0 
72 	213.00 	189.00 	138.00 	281.00 	328.00 	46.00 	1104 	1513 	1018 	3 	0 	0 	0 	0 	0 	0 	0 	0 	0 
73 	217.00 	193.00 	141.00 	287.00 	334.00 	46.00 	1128 	1545 	1039 	3 	0 	0 	0 	0 	0 	0 	0 	0 	0 
74 	221.00 	197.00 	144.00 	292.00 	341.00 	47.00 	1152 	1572 	1061 	3 	0 	0 	0 	0 	0 	0 	0 	0 	0 
75 	225.00 	201.00 	146.00 	298.00 	347.00 	47.00 	1168 	1605 	1082 	3 	0 	0 	0 	0 	0 	0 	0 	0 	0 
76 	230.00 	204.00 	149.00 	303.00 	354.00 	48.00 	1192 	1632 	1098 	3 	0 	0 	0 	0 	0 	0 	0 	0 	0 
77 	234.00 	208.00 	152.00 	309.00 	360.00 	48.00 	1216 	1664 	1120 	3 	0 	0 	0 	0 	0 	0 	0 	0 	0 
78 	238.00 	212.00 	154.00 	314.00 	367.00 	49.00 	1232 	1691 	1142 	4 	0 	0 	0 	0 	0 	0 	0 	0 	0 
79 	243.00 	216.00 	157.00 	320.00 	373.00 	49.00 	1256 	1723 	1163 	4 	0 	0 	0 	0 	0 	0 	0 	0 	0 
80 	247.00 	220.00 	160.00 	326.00 	380.00 	50.00 	1280 	1755 	1185 	4 	0 	0 	0 	0 	0 	0 	0 	0 	0 
81 	251.00 	224.00 	163.00 	332.00 	387.00 	50.00 	1304 	1788 	1206 	4 	0 	0 	0 	0 	0 	0 	0 	0 	0 
82 	256.00 	228.00 	165.00 	337.00 	394.00 	51.00 	1320 	1815 	1228 	4 	0 	0 	0 	0 	0 	0 	0 	0 	0 
83 	260.00 	232.00 	168.00 	343.00 	400.00 	51.00 	1344 	1847 	1249 	4 	0 	0 	0 	0 	0 	0 	0 	0 	0 
84 	265.00 	235.00 	171.00 	349.00 	407.00 	52.00 	1368 	1879 	1265 	4 	0 	0 	0 	0 	0 	0 	0 	0 	0 
85 	269.00 	239.00 	174.00 	355.00 	414.00 	52.00 	1392 	1912 	1287 	4 	0 	0 	0 	0 	0 	0 	0 	0 	0 
86 	274.00 	243.00 	177.00 	361.00 	421.00 	53.00 	1416 	1944 	1308 	4 	0 	0 	0 	0 	0 	0 	0 	0 	0 
87 	278.00 	248.00 	180.00 	367.00 	428.00 	53.00 	1440 	1976 	1335 	4 	0 	0 	0 	0 	0 	0 	0 	0 	0 
88 	283.00 	252.00 	183.00 	373.00 	435.00 	54.00 	1464 	2008 	1357 	4 	0 	0 	0 	0 	0 	0 	0 	0 	0 
89 	288.00 	256.00 	185.00 	379.00 	442.00 	54.00 	1480 	2041 	1378 	4 	0 	0 	0 	0 	0 	0 	0 	0 	0 
90 	292.00 	260.00 	188.00 	385.00 	449.00 	55.00 	1504 	2073 	1400 	4 	0 	0 	0 	0 	0 	0 	0 	0 	0 
91 	297.00 	264.00 	191.00 	391.00 	456.00 	55.00 	1528 	2105 	1422 	4 	0 	0 	0 	0 	0 	0 	0 	0 	0 
92 	302.00 	268.00 	194.00 	397.00 	463.00 	56.00 	1552 	2138 	1443 	4 	0 	0 	0 	0 	0 	0 	0 	0 	0 
93 	306.00 	272.00 	197.00 	403.00 	470.00 	56.00 	1576 	2170 	1465 	4 	0 	0 	0 	0 	0 	0 	0 	0 	0 
94 	311.00 	276.00 	200.00 	409.00 	477.00 	57.00 	1600 	2202 	1486 	4 	0 	0 	0 	0 	0 	0 	0 	0 	0 
95 	316.00 	281.00 	203.00 	415.00 	485.00 	57.00 	1624 	2235 	1513 	4 	0 	0 	0 	0 	0 	0 	0 	0 	0 
96 	321.00 	285.00 	206.00 	422.00 	492.00 	58.00 	1648 	2272 	1535 	4 	0 	0 	0 	0 	0 	0 	0 	0 	0 
97 	325.00 	289.00 	209.00 	428.00 	499.00 	58.00 	1672 	2305 	1556 	4 	0 	0 	0 	0 	0 	0 	0 	0 	0 
98 	330.00 	293.00 	212.00 	434.00 	507.00 	59.00 	1696 	2337 	1578 	4 	0 	0 	0 	0 	0 	0 	0 	0 	0 
99 	335.00 	298.00 	215.00 	441.00 	514.00 	59.00 	1720 	2375 	1605 	4 	0 	0 	0 	0 	0 	0 	0 	0 	0 
100 	340.00 	302.00 	218.00 	447.00 	521.00 	60.00 	1744 	2407 	1626 	4 	0 	0 	0 	0 	0 	0 	0 	0 	0 
460																			
LV	STR	Dex	CON	WIS	INT	CHA	기본 HP	기본 MP	기본 SP	기본 AC	기본 AR	기본 DR	FIRE	WATER	EARTH	AIR	MAGIC	최소 데미지	최대 데미지
1 	13.00 	18.00 	10.00 	8.00 	7.00 	10.00 	80 	43 	97 	2 	0 	0 	0 	0 	0 	0 	0 	0 	0 
2 	14.00 	19.00 	11.00 	8.00 	8.00 	11.00 	88 	43 	102 	2 	0 	0 	0 	0 	0 	0 	0 	0 	0 
3 	15.00 	20.00 	11.00 	9.00 	8.00 	11.00 	88 	48 	108 	2 	0 	0 	0 	0 	0 	0 	0 	0 	0 
4 	16.00 	21.00 	12.00 	9.00 	9.00 	12.00 	96 	48 	113 	2 	0 	0 	0 	0 	0 	0 	0 	0 	0 
5 	17.00 	23.00 	13.00 	10.00 	10.00 	12.00 	104 	54 	124 	2 	0 	0 	0 	0 	0 	0 	0 	0 	0 
6 	18.00 	24.00 	14.00 	11.00 	10.00 	13.00 	112 	59 	129 	2 	0 	0 	0 	0 	0 	0 	0 	0 	0 
7 	19.00 	26.00 	15.00 	11.00 	11.00 	13.00 	120 	59 	140 	2 	0 	0 	0 	0 	0 	0 	0 	0 	0 
8 	21.00 	27.00 	16.00 	12.00 	12.00 	14.00 	128 	65 	145 	2 	0 	0 	0 	0 	0 	0 	0 	0 	0 
9 	22.00 	29.00 	17.00 	13.00 	13.00 	14.00 	136 	70 	156 	2 	0 	0 	0 	0 	0 	0 	0 	0 	0 
10 	24.00 	31.00 	19.00 	13.00 	14.00 	15.00 	152 	70 	167 	2 	0 	0 	0 	0 	0 	0 	0 	0 	0 
11 	25.00 	33.00 	20.00 	14.00 	15.00 	15.00 	160 	75 	178 	2 	0 	0 	0 	0 	0 	0 	0 	0 	0 
12 	27.00 	35.00 	21.00 	15.00 	16.00 	16.00 	168 	81 	188 	2 	0 	0 	0 	0 	0 	0 	0 	0 	0 
13 	29.00 	37.00 	23.00 	16.00 	17.00 	16.00 	184 	86 	199 	2 	0 	0 	0 	0 	0 	0 	0 	0 	0 
14 	31.00 	39.00 	24.00 	17.00 	19.00 	17.00 	192 	92 	210 	2 	0 	0 	0 	0 	0 	0 	0 	0 	0 
15 	33.00 	41.00 	26.00 	18.00 	20.00 	17.00 	208 	97 	221 	3 	0 	0 	0 	0 	0 	0 	0 	0 	0 
16 	35.00 	43.00 	27.00 	19.00 	21.00 	18.00 	216 	102 	232 	3 	0 	0 	0 	0 	0 	0 	0 	0 	0 
17 	37.00 	46.00 	29.00 	20.00 	22.00 	18.00 	232 	108 	248 	3 	0 	0 	0 	0 	0 	0 	0 	0 	0 
18 	39.00 	48.00 	30.00 	21.00 	24.00 	19.00 	240 	113 	258 	3 	0 	0 	0 	0 	0 	0 	0 	0 	0 
19 	41.00 	51.00 	32.00 	22.00 	25.00 	19.00 	256 	118 	275 	3 	0 	0 	0 	0 	0 	0 	0 	0 	0 
20 	43.00 	53.00 	34.00 	23.00 	27.00 	20.00 	272 	124 	285 	3 	0 	0 	0 	0 	0 	0 	0 	0 	0 
21 	45.00 	56.00 	35.00 	24.00 	28.00 	20.00 	280 	129 	302 	3 	0 	0 	0 	0 	0 	0 	0 	0 	0 
22 	48.00 	59.00 	37.00 	25.00 	30.00 	21.00 	296 	135 	318 	3 	0 	0 	0 	0 	0 	0 	0 	0 	0 
23 	50.00 	61.00 	39.00 	26.00 	31.00 	21.00 	312 	140 	328 	3 	0 	0 	0 	0 	0 	0 	0 	0 	0 
24 	52.00 	64.00 	41.00 	27.00 	33.00 	22.00 	328 	145 	345 	3 	0 	0 	0 	0 	0 	0 	0 	0 	0 
25 	55.00 	67.00 	43.00 	28.00 	34.00 	22.00 	344 	151 	361 	3 	0 	0 	0 	0 	0 	0 	0 	0 	0 
26 	57.00 	70.00 	45.00 	30.00 	36.00 	23.00 	360 	162 	377 	3 	0 	0 	0 	0 	0 	0 	0 	0 	0 
27 	60.00 	73.00 	47.00 	31.00 	38.00 	23.00 	376 	167 	393 	3 	0 	0 	0 	0 	0 	0 	0 	0 	0 
28 	62.00 	76.00 	49.00 	32.00 	39.00 	24.00 	392 	172 	409 	3 	0 	0 	0 	0 	0 	0 	0 	0 	0 
29 	65.00 	79.00 	51.00 	33.00 	41.00 	24.00 	408 	178 	425 	3 	0 	0 	0 	0 	0 	0 	0 	0 	0 
30 	68.00 	82.00 	53.00 	35.00 	43.00 	25.00 	424 	188 	442 	3 	0 	0 	0 	0 	0 	0 	0 	0 	0 
31 	70.00 	85.00 	55.00 	36.00 	44.00 	25.00 	440 	194 	458 	3 	0 	0 	0 	0 	0 	0 	0 	0 	0 
32 	73.00 	89.00 	57.00 	37.00 	46.00 	26.00 	456 	199 	479 	3 	0 	0 	0 	0 	0 	0 	0 	0 	0 
33 	76.00 	92.00 	60.00 	39.00 	48.00 	26.00 	480 	210 	495 	3 	0 	0 	0 	0 	0 	0 	0 	0 	0 
34 	79.00 	95.00 	62.00 	40.00 	50.00 	27.00 	496 	215 	512 	3 	0 	0 	0 	0 	0 	0 	0 	0 	0 
35 	81.00 	98.00 	64.00 	42.00 	52.00 	27.00 	512 	226 	528 	3 	0 	0 	0 	0 	0 	0 	0 	0 	0 
36 	84.00 	102.00 	66.00 	43.00 	54.00 	28.00 	528 	232 	549 	3 	0 	0 	0 	0 	0 	0 	0 	0 	0 
37 	87.00 	105.00 	69.00 	44.00 	55.00 	28.00 	552 	237 	565 	3 	0 	0 	0 	0 	0 	0 	0 	0 	0 
38 	90.00 	109.00 	71.00 	46.00 	57.00 	29.00 	568 	248 	587 	3 	0 	0 	0 	0 	0 	0 	0 	0 	0 
39 	93.00 	112.00 	73.00 	47.00 	59.00 	29.00 	584 	253 	603 	3 	0 	0 	0 	0 	0 	0 	0 	0 	0 
40 	96.00 	116.00 	76.00 	49.00 	61.00 	30.00 	608 	264 	625 	4 	0 	0 	0 	0 	0 	0 	0 	0 	0 
41 	99.00 	120.00 	78.00 	50.00 	63.00 	30.00 	624 	269 	646 	4 	0 	0 	0 	0 	0 	0 	0 	0 	0 
42 	102.00 	123.00 	81.00 	52.00 	65.00 	31.00 	648 	280 	662 	4 	0 	0 	0 	0 	0 	0 	0 	0 	0 
43 	106.00 	127.00 	83.00 	53.00 	67.00 	31.00 	664 	285 	684 	4 	0 	0 	0 	0 	0 	0 	0 	0 	0 
44 	109.00 	131.00 	86.00 	55.00 	70.00 	32.00 	688 	296 	705 	4 	0 	0 	0 	0 	0 	0 	0 	0 	0 
45 	112.00 	134.00 	88.00 	56.00 	72.00 	32.00 	704 	302 	722 	4 	0 	0 	0 	0 	0 	0 	0 	0 	0 
46 	115.00 	138.00 	91.00 	58.00 	74.00 	33.00 	728 	312 	743 	4 	0 	0 	0 	0 	0 	0 	0 	0 	0 
47 	118.00 	142.00 	93.00 	60.00 	76.00 	33.00 	744 	323 	765 	4 	0 	0 	0 	0 	0 	0 	0 	0 	0 
48 	122.00 	146.00 	96.00 	61.00 	78.00 	34.00 	768 	328 	786 	4 	0 	0 	0 	0 	0 	0 	0 	0 	0 
49 	125.00 	150.00 	99.00 	63.00 	80.00 	34.00 	792 	339 	808 	4 	0 	0 	0 	0 	0 	0 	0 	0 	0 
50 	129.00 	154.00 	101.00 	65.00 	82.00 	35.00 	808 	350 	829 	4 	0 	0 	0 	0 	0 	0 	0 	0 	0 
51 	132.00 	158.00 	104.00 	66.00 	85.00 	35.00 	832 	355 	851 	4 	0 	0 	0 	0 	0 	0 	0 	0 	0 
52 	135.00 	162.00 	107.00 	68.00 	87.00 	36.00 	856 	366 	872 	4 	0 	0 	0 	0 	0 	0 	0 	0 	0 
53 	139.00 	166.00 	109.00 	70.00 	89.00 	36.00 	872 	377 	894 	4 	0 	0 	0 	0 	0 	0 	0 	0 	0 
54 	142.00 	170.00 	112.00 	71.00 	91.00 	37.00 	896 	382 	915 	4 	0 	0 	0 	0 	0 	0 	0 	0 	0 
55 	146.00 	174.00 	115.00 	73.00 	94.00 	37.00 	920 	393 	937 	4 	0 	0 	0 	0 	0 	0 	0 	0 	0 
56 	149.00 	179.00 	118.00 	75.00 	96.00 	38.00 	944 	404 	964 	4 	0 	0 	0 	0 	0 	0 	0 	0 	0 
57 	153.00 	183.00 	121.00 	77.00 	98.00 	38.00 	968 	415 	985 	4 	0 	0 	0 	0 	0 	0 	0 	0 	0 
58 	157.00 	187.00 	123.00 	78.00 	101.00 	39.00 	984 	420 	1007 	4 	0 	0 	0 	0 	0 	0 	0 	0 	0 
59 	160.00 	191.00 	126.00 	80.00 	103.00 	39.00 	1008 	431 	1028 	5 	0 	0 	0 	0 	0 	0 	0 	0 	0 
60 	164.00 	196.00 	129.00 	82.00 	106.00 	40.00 	1032 	442 	1055 	5 	0 	0 	0 	0 	0 	0 	0 	0 	0 
61 	168.00 	200.00 	132.00 	84.00 	108.00 	40.00 	1056 	452 	1077 	5 	0 	0 	0 	0 	0 	0 	0 	0 	0 
62 	172.00 	205.00 	135.00 	86.00 	111.00 	41.00 	1080 	463 	1104 	5 	0 	0 	0 	0 	0 	0 	0 	0 	0 
63 	175.00 	209.00 	138.00 	87.00 	113.00 	41.00 	1104 	468 	1125 	5 	0 	0 	0 	0 	0 	0 	0 	0 	0 
64 	179.00 	213.00 	141.00 	89.00 	115.00 	42.00 	1128 	479 	1147 	5 	0 	0 	0 	0 	0 	0 	0 	0 	0 
65 	183.00 	218.00 	144.00 	91.00 	118.00 	42.00 	1152 	490 	1174 	5 	0 	0 	0 	0 	0 	0 	0 	0 	0 
66 	187.00 	223.00 	147.00 	93.00 	120.00 	43.00 	1176 	501 	1201 	5 	0 	0 	0 	0 	0 	0 	0 	0 	0 
67 	191.00 	227.00 	150.00 	95.00 	123.00 	43.00 	1200 	512 	1222 	5 	0 	0 	0 	0 	0 	0 	0 	0 	0 
68 	195.00 	232.00 	153.00 	97.00 	126.00 	44.00 	1224 	522 	1249 	5 	0 	0 	0 	0 	0 	0 	0 	0 	0 
69 	199.00 	236.00 	156.00 	99.00 	128.00 	44.00 	1248 	533 	1271 	5 	0 	0 	0 	0 	0 	0 	0 	0 	0 
70 	202.00 	241.00 	160.00 	101.00 	131.00 	45.00 	1280 	544 	1298 	5 	0 	0 	0 	0 	0 	0 	0 	0 	0 
71 	206.00 	246.00 	163.00 	103.00 	133.00 	45.00 	1304 	555 	1325 	5 	0 	0 	0 	0 	0 	0 	0 	0 	0 
72 	210.00 	250.00 	166.00 	105.00 	136.00 	46.00 	1328 	565 	1346 	5 	0 	0 	0 	0 	0 	0 	0 	0 	0 
73 	215.00 	255.00 	169.00 	107.00 	139.00 	46.00 	1352 	576 	1373 	5 	0 	0 	0 	0 	0 	0 	0 	0 	0 
74 	219.00 	260.00 	172.00 	109.00 	141.00 	47.00 	1376 	587 	1400 	5 	0 	0 	0 	0 	0 	0 	0 	0 	0 
75 	223.00 	265.00 	175.00 	111.00 	144.00 	47.00 	1400 	598 	1427 	5 	0 	0 	0 	0 	0 	0 	0 	0 	0 
76 	227.00 	270.00 	179.00 	113.00 	147.00 	48.00 	1432 	608 	1454 	5 	0 	0 	0 	0 	0 	0 	0 	0 	0 
77 	231.00 	275.00 	182.00 	115.00 	149.00 	48.00 	1456 	619 	1481 	5 	0 	0 	0 	0 	0 	0 	0 	0 	0 
78 	235.00 	279.00 	185.00 	117.00 	152.00 	49.00 	1480 	630 	1502 	5 	0 	0 	0 	0 	0 	0 	0 	0 	0 
79 	239.00 	284.00 	189.00 	119.00 	155.00 	49.00 	1512 	641 	1529 	5 	0 	0 	0 	0 	0 	0 	0 	0 	0 
80 	244.00 	289.00 	192.00 	121.00 	158.00 	50.00 	1536 	652 	1556 	5 	0 	0 	0 	0 	0 	0 	0 	0 	0 
81 	248.00 	294.00 	195.00 	123.00 	160.00 	50.00 	1560 	662 	1583 	5 	0 	0 	0 	0 	0 	0 	0 	0 	0 
82 	252.00 	299.00 	199.00 	125.00 	163.00 	51.00 	1592 	673 	1610 	5 	0 	0 	0 	0 	0 	0 	0 	0 	0 
83 	256.00 	304.00 	202.00 	127.00 	166.00 	51.00 	1616 	684 	1637 	5 	0 	0 	0 	0 	0 	0 	0 	0 	0 
84 	261.00 	310.00 	205.00 	129.00 	169.00 	52.00 	1640 	695 	1669 	5 	0 	0 	0 	0 	0 	0 	0 	0 	0 
85 	265.00 	315.00 	209.00 	131.00 	172.00 	52.00 	1672 	705 	1696 	5 	0 	0 	0 	0 	0 	0 	0 	0 	0 
86 	269.00 	320.00 	212.00 	134.00 	174.00 	53.00 	1696 	722 	1723 	5 	0 	0 	0 	0 	0 	0 	0 	0 	0 
87 	274.00 	325.00 	216.00 	136.00 	177.00 	53.00 	1728 	732 	1750 	5 	0 	0 	0 	0 	0 	0 	0 	0 	0 
88 	278.00 	330.00 	219.00 	138.00 	180.00 	54.00 	1752 	743 	1777 	5 	0 	0 	0 	0 	0 	0 	0 	0 	0 
89 	283.00 	335.00 	223.00 	140.00 	183.00 	54.00 	1784 	754 	1804 	6 	0 	0 	0 	0 	0 	0 	0 	0 	0 
90 	287.00 	341.00 	226.00 	142.00 	186.00 	55.00 	1808 	765 	1836 	6 	0 	0 	0 	0 	0 	0 	0 	0 	0 
91 	292.00 	346.00 	230.00 	144.00 	189.00 	55.00 	1840 	775 	1863 	6 	0 	0 	0 	0 	0 	0 	0 	0 	0 
92 	296.00 	351.00 	233.00 	147.00 	192.00 	56.00 	1864 	792 	1890 	6 	0 	0 	0 	0 	0 	0 	0 	0 	0 
93 	301.00 	357.00 	237.00 	149.00 	195.00 	56.00 	1896 	802 	1922 	6 	0 	0 	0 	0 	0 	0 	0 	0 	0 
94 	305.00 	362.00 	241.00 	151.00 	198.00 	57.00 	1928 	813 	1949 	6 	0 	0 	0 	0 	0 	0 	0 	0 	0 
95 	310.00 	367.00 	244.00 	153.00 	201.00 	57.00 	1952 	824 	1976 	6 	0 	0 	0 	0 	0 	0 	0 	0 	0 
96 	314.00 	373.00 	248.00 	156.00 	204.00 	58.00 	1984 	840 	2008 	6 	0 	0 	0 	0 	0 	0 	0 	0 	0 
97 	319.00 	378.00 	252.00 	158.00 	207.00 	58.00 	2016 	851 	2035 	6 	0 	0 	0 	0 	0 	0 	0 	0 	0 
98 	324.00 	384.00 	255.00 	160.00 	210.00 	59.00 	2040 	862 	2068 	6 	0 	0 	0 	0 	0 	0 	0 	0 	0 
99 	328.00 	389.00 	259.00 	162.00 	213.00 	59.00 	2072 	872 	2095 	6 	0 	0 	0 	0 	0 	0 	0 	0 	0 
100 	333.00 	395.00 	263.00 	165.00 	216.00 	60.00 	2104 	888 	2127 	6 	0 	0 	0 	0 	0 	0 	0 	0 	0 
9																			
LV	STR	Dex	CON	WIS	INT	CHA	기본 HP	기본 MP	기본 SP	기본 AC	기본 AR	기본 DR	FIRE	WATER	EARTH	AIR	MAGIC	최소 데미지	최대 데미지
1 	7.00 	8.00 	8.00 	16.00 	17.00 	10.00 	43 	86 	43 	2 	0 	0 	0 	0 	0 	0 	0 	0 	0 
2 	8.00 	9.00 	9.00 	17.00 	18.00 	11.00 	72 	92 	48 	2 	0 	0 	0 	0 	0 	0 	0 	0 	0 
3 	8.00 	10.00 	9.00 	18.00 	19.00 	11.00 	72 	97 	54 	2 	0 	0 	0 	0 	0 	0 	0 	0 	0 
4 	9.00 	10.00 	10.00 	19.00 	20.00 	12.00 	80 	102 	54 	2 	0 	0 	0 	0 	0 	0 	0 	0 	0 
5 	10.00 	11.00 	10.00 	20.00 	22.00 	12.00 	80 	108 	59 	2 	0 	0 	0 	0 	0 	0 	0 	0 	0 
6 	11.00 	12.00 	11.00 	21.00 	23.00 	13.00 	88 	113 	65 	2 	0 	0 	0 	0 	0 	0 	0 	0 	0 
7 	12.00 	14.00 	12.00 	23.00 	25.00 	13.00 	96 	124 	75 	2 	0 	0 	0 	0 	0 	0 	0 	0 	0 
8 	13.00 	15.00 	13.00 	24.00 	26.00 	14.00 	104 	129 	81 	2 	0 	0 	0 	0 	0 	0 	0 	0 	0 
9 	14.00 	16.00 	14.00 	26.00 	28.00 	14.00 	112 	140 	86 	2 	0 	0 	0 	0 	0 	0 	0 	0 	0 
10 	15.00 	17.00 	15.00 	28.00 	30.00 	15.00 	120 	151 	92 	2 	0 	0 	0 	0 	0 	0 	0 	0 	0 
11 	17.00 	19.00 	16.00 	29.00 	32.00 	15.00 	128 	156 	102 	2 	0 	0 	0 	0 	0 	0 	0 	0 	0 
12 	18.00 	20.00 	17.00 	31.00 	34.00 	16.00 	136 	167 	108 	2 	0 	0 	0 	0 	0 	0 	0 	0 	0 
13 	19.00 	22.00 	18.00 	33.00 	36.00 	16.00 	144 	178 	118 	2 	0 	0 	0 	0 	0 	0 	0 	0 	0 
14 	21.00 	23.00 	19.00 	35.00 	38.00 	17.00 	152 	188 	124 	2 	0 	0 	0 	0 	0 	0 	0 	0 	0 
15 	22.00 	25.00 	20.00 	37.00 	40.00 	17.00 	160 	199 	135 	3 	0 	0 	0 	0 	0 	0 	0 	0 	0 
16 	24.00 	27.00 	21.00 	39.00 	43.00 	18.00 	168 	210 	145 	3 	0 	0 	0 	0 	0 	0 	0 	0 	0 
17 	26.00 	28.00 	22.00 	41.00 	45.00 	18.00 	176 	221 	151 	3 	0 	0 	0 	0 	0 	0 	0 	0 	0 
18 	27.00 	30.00 	24.00 	43.00 	48.00 	19.00 	192 	232 	162 	3 	0 	0 	0 	0 	0 	0 	0 	0 	0 
19 	29.00 	32.00 	25.00 	46.00 	50.00 	19.00 	200 	248 	172 	3 	0 	0 	0 	0 	0 	0 	0 	0 	0 
20 	31.00 	34.00 	26.00 	48.00 	53.00 	20.00 	208 	258 	183 	3 	0 	0 	0 	0 	0 	0 	0 	0 	0 
21 	32.00 	36.00 	28.00 	50.00 	55.00 	20.00 	224 	269 	194 	3 	0 	0 	0 	0 	0 	0 	0 	0 	0 
22 	34.00 	38.00 	29.00 	53.00 	58.00 	21.00 	232 	285 	205 	3 	0 	0 	0 	0 	0 	0 	0 	0 	0 
23 	36.00 	40.00 	31.00 	55.00 	61.00 	21.00 	248 	296 	215 	3 	0 	0 	0 	0 	0 	0 	0 	0 	0 
24 	38.00 	42.00 	32.00 	58.00 	64.00 	22.00 	256 	312 	226 	3 	0 	0 	0 	0 	0 	0 	0 	0 	0 
25 	40.00 	44.00 	34.00 	60.00 	67.00 	22.00 	272 	323 	237 	3 	0 	0 	0 	0 	0 	0 	0 	0 	0 
26 	42.00 	46.00 	35.00 	63.00 	70.00 	23.00 	280 	339 	248 	3 	0 	0 	0 	0 	0 	0 	0 	0 	0 
27 	44.00 	48.00 	37.00 	66.00 	73.00 	23.00 	296 	355 	258 	3 	0 	0 	0 	0 	0 	0 	0 	0 	0 
28 	46.00 	51.00 	38.00 	68.00 	76.00 	24.00 	304 	366 	275 	3 	0 	0 	0 	0 	0 	0 	0 	0 	0 
29 	48.00 	53.00 	40.00 	71.00 	79.00 	24.00 	320 	382 	285 	3 	0 	0 	0 	0 	0 	0 	0 	0 	0 
30 	50.00 	55.00 	41.00 	74.00 	82.00 	25.00 	328 	398 	296 	3 	0 	0 	0 	0 	0 	0 	0 	0 	0 
31 	52.00 	57.00 	43.00 	77.00 	85.00 	25.00 	344 	415 	307 	3 	0 	0 	0 	0 	0 	0 	0 	0 	0 
32 	54.00 	60.00 	45.00 	80.00 	88.00 	26.00 	360 	431 	323 	3 	0 	0 	0 	0 	0 	0 	0 	0 	0 
33 	56.00 	62.00 	46.00 	83.00 	92.00 	26.00 	368 	447 	334 	3 	0 	0 	0 	0 	0 	0 	0 	0 	0 
34 	58.00 	65.00 	48.00 	86.00 	95.00 	27.00 	384 	463 	350 	3 	0 	0 	0 	0 	0 	0 	0 	0 	0 
35 	61.00 	67.00 	50.00 	89.00 	98.00 	27.00 	400 	479 	361 	3 	0 	0 	0 	0 	0 	0 	0 	0 	0 
36 	63.00 	70.00 	52.00 	92.00 	102.00 	28.00 	416 	495 	377 	3 	0 	0 	0 	0 	0 	0 	0 	0 	0 
37 	65.00 	72.00 	53.00 	95.00 	105.00 	28.00 	424 	512 	388 	3 	0 	0 	0 	0 	0 	0 	0 	0 	0 
38 	67.00 	75.00 	55.00 	98.00 	109.00 	29.00 	440 	528 	404 	3 	0 	0 	0 	0 	0 	0 	0 	0 	0 
39 	70.00 	77.00 	57.00 	101.00 	112.00 	29.00 	456 	544 	415 	3 	0 	0 	0 	0 	0 	0 	0 	0 	0 
40 	72.00 	80.00 	59.00 	104.00 	116.00 	30.00 	472 	560 	431 	3 	0 	0 	0 	0 	0 	0 	0 	0 	0 
41 	75.00 	83.00 	61.00 	108.00 	120.00 	30.00 	488 	582 	447 	3 	0 	0 	0 	0 	0 	0 	0 	0 	0 
42 	77.00 	85.00 	63.00 	111.00 	123.00 	31.00 	504 	598 	458 	3 	0 	0 	0 	0 	0 	0 	0 	0 	0 
43 	79.00 	88.00 	65.00 	114.00 	127.00 	31.00 	520 	614 	474 	3 	0 	0 	0 	0 	0 	0 	0 	0 	0 
44 	82.00 	91.00 	67.00 	118.00 	131.00 	32.00 	536 	635 	490 	3 	0 	0 	0 	0 	0 	0 	0 	0 	0 
45 	84.00 	94.00 	69.00 	121.00 	135.00 	32.00 	552 	652 	506 	3 	0 	0 	0 	0 	0 	0 	0 	0 	0 
46 	87.00 	96.00 	71.00 	124.00 	139.00 	33.00 	568 	668 	517 	3 	0 	0 	0 	0 	0 	0 	0 	0 	0 
47 	90.00 	99.00 	73.00 	128.00 	143.00 	33.00 	584 	689 	533 	3 	0 	0 	0 	0 	0 	0 	0 	0 	0 
48 	92.00 	102.00 	75.00 	131.00 	147.00 	34.00 	600 	705 	549 	3 	0 	0 	0 	0 	0 	0 	0 	0 	0 
49 	95.00 	105.00 	77.00 	135.00 	151.00 	34.00 	616 	727 	565 	3 	0 	0 	0 	0 	0 	0 	0 	0 	0 
50 	97.00 	108.00 	79.00 	139.00 	155.00 	35.00 	632 	748 	582 	3 	0 	0 	0 	0 	0 	0 	0 	0 	0 
51 	100.00 	111.00 	81.00 	142.00 	159.00 	35.00 	648 	765 	598 	3 	0 	0 	0 	0 	0 	0 	0 	0 	0 
52 	103.00 	114.00 	83.00 	146.00 	163.00 	36.00 	664 	786 	614 	3 	0 	0 	0 	0 	0 	0 	0 	0 	0 
53 	105.00 	117.00 	85.00 	150.00 	167.00 	36.00 	680 	808 	630 	3 	0 	0 	0 	0 	0 	0 	0 	0 	0 
54 	108.00 	120.00 	87.00 	153.00 	171.00 	37.00 	696 	824 	646 	3 	0 	0 	0 	0 	0 	0 	0 	0 	0 
55 	111.00 	123.00 	89.00 	157.00 	175.00 	37.00 	712 	845 	662 	3 	0 	0 	0 	0 	0 	0 	0 	0 	0 
56 	114.00 	126.00 	92.00 	161.00 	179.00 	38.00 	736 	867 	678 	3 	0 	0 	0 	0 	0 	0 	0 	0 	0 
57 	117.00 	129.00 	94.00 	165.00 	184.00 	38.00 	752 	888 	695 	3 	0 	0 	0 	0 	0 	0 	0 	0 	0 
58 	119.00 	132.00 	96.00 	169.00 	188.00 	39.00 	768 	910 	711 	3 	0 	0 	0 	0 	0 	0 	0 	0 	0 
59 	122.00 	135.00 	98.00 	172.00 	192.00 	39.00 	784 	926 	727 	4 	0 	0 	0 	0 	0 	0 	0 	0 	0 
60 	125.00 	139.00 	100.00 	176.00 	197.00 	40.00 	800 	948 	748 	4 	0 	0 	0 	0 	0 	0 	0 	0 	0 
61 	128.00 	142.00 	103.00 	180.00 	201.00 	40.00 	824 	969 	765 	4 	0 	0 	0 	0 	0 	0 	0 	0 	0 
62 	131.00 	145.00 	105.00 	184.00 	206.00 	41.00 	840 	991 	781 	4 	0 	0 	0 	0 	0 	0 	0 	0 	0 
63 	134.00 	148.00 	107.00 	188.00 	210.00 	41.00 	856 	1012 	797 	4 	0 	0 	0 	0 	0 	0 	0 	0 	0 
64 	137.00 	151.00 	110.00 	192.00 	215.00 	42.00 	880 	1034 	813 	4 	0 	0 	0 	0 	0 	0 	0 	0 	0 
65 	140.00 	155.00 	112.00 	196.00 	219.00 	42.00 	896 	1055 	835 	4 	0 	0 	0 	0 	0 	0 	0 	0 	0 
66 	143.00 	158.00 	114.00 	200.00 	224.00 	43.00 	912 	1077 	851 	4 	0 	0 	0 	0 	0 	0 	0 	0 	0 
67 	146.00 	161.00 	117.00 	205.00 	228.00 	43.00 	936 	1104 	867 	4 	0 	0 	0 	0 	0 	0 	0 	0 	0 
68 	149.00 	165.00 	119.00 	209.00 	233.00 	44.00 	952 	1125 	888 	4 	0 	0 	0 	0 	0 	0 	0 	0 	0 
69 	152.00 	168.00 	122.00 	213.00 	238.00 	44.00 	976 	1147 	905 	4 	0 	0 	0 	0 	0 	0 	0 	0 	0 
70 	155.00 	172.00 	124.00 	217.00 	243.00 	45.00 	992 	1168 	926 	4 	0 	0 	0 	0 	0 	0 	0 	0 	0 
71 	158.00 	175.00 	126.00 	221.00 	247.00 	45.00 	1008 	1190 	942 	4 	0 	0 	0 	0 	0 	0 	0 	0 	0 
72 	161.00 	179.00 	129.00 	226.00 	252.00 	46.00 	1032 	1217 	964 	4 	0 	0 	0 	0 	0 	0 	0 	0 	0 
73 	165.00 	182.00 	131.00 	230.00 	257.00 	46.00 	1048 	1238 	980 	4 	0 	0 	0 	0 	0 	0 	0 	0 	0 
74 	168.00 	186.00 	134.00 	234.00 	262.00 	47.00 	1072 	1260 	1002 	4 	0 	0 	0 	0 	0 	0 	0 	0 	0 
75 	171.00 	189.00 	136.00 	239.00 	267.00 	47.00 	1088 	1287 	1018 	5 	0 	0 	0 	0 	0 	0 	0 	0 	0 
76 	174.00 	193.00 	139.00 	243.00 	272.00 	48.00 	1112 	1308 	1039 	5 	0 	0 	0 	0 	0 	0 	0 	0 	0 
77 	178.00 	196.00 	141.00 	247.00 	276.00 	48.00 	1128 	1330 	1055 	5 	0 	0 	0 	0 	0 	0 	0 	0 	0 
78 	181.00 	200.00 	144.00 	252.00 	281.00 	49.00 	1152 	1357 	1077 	5 	0 	0 	0 	0 	0 	0 	0 	0 	0 
79 	184.00 	204.00 	147.00 	256.00 	286.00 	49.00 	1176 	1378 	1098 	5 	0 	0 	0 	0 	0 	0 	0 	0 	0 
80 	187.00 	207.00 	149.00 	261.00 	291.00 	50.00 	1192 	1405 	1115 	5 	0 	0 	0 	0 	0 	0 	0 	0 	0 
81 	191.00 	211.00 	152.00 	265.00 	297.00 	50.00 	1216 	1427 	1136 	5 	0 	0 	0 	0 	0 	0 	0 	0 	0 
82 	194.00 	215.00 	154.00 	270.00 	302.00 	51.00 	1232 	1454 	1158 	5 	0 	0 	0 	0 	0 	0 	0 	0 	0 
83 	197.00 	218.00 	157.00 	274.00 	307.00 	51.00 	1256 	1475 	1174 	5 	0 	0 	0 	0 	0 	0 	0 	0 	0 
84 	201.00 	222.00 	160.00 	279.00 	312.00 	52.00 	1280 	1502 	1195 	5 	0 	0 	0 	0 	0 	0 	0 	0 	0 
85 	204.00 	226.00 	162.00 	283.00 	317.00 	52.00 	1296 	1524 	1217 	5 	0 	0 	0 	0 	0 	0 	0 	0 	0 
86 	208.00 	230.00 	165.00 	288.00 	322.00 	53.00 	1320 	1551 	1238 	5 	0 	0 	0 	0 	0 	0 	0 	0 	0 
87 	211.00 	233.00 	168.00 	293.00 	328.00 	53.00 	1344 	1578 	1255 	5 	0 	0 	0 	0 	0 	0 	0 	0 	0 
88 	215.00 	237.00 	170.00 	297.00 	333.00 	54.00 	1360 	1599 	1276 	5 	0 	0 	0 	0 	0 	0 	0 	0 	0 
89 	218.00 	241.00 	173.00 	302.00 	338.00 	54.00 	1384 	1626 	1298 	6 	0 	0 	0 	0 	0 	0 	0 	0 	0 
90 	221.00 	245.00 	176.00 	307.00 	343.00 	55.00 	1408 	1653 	1319 	6 	0 	0 	0 	0 	0 	0 	0 	0 	0 
91 	225.00 	249.00 	179.00 	312.00 	349.00 	55.00 	1432 	1680 	1341 	6 	0 	0 	0 	0 	0 	0 	0 	0 	0 
92 	229.00 	253.00 	181.00 	316.00 	354.00 	56.00 	1448 	1702 	1362 	6 	0 	0 	0 	0 	0 	0 	0 	0 	0 
93 	232.00 	257.00 	184.00 	321.00 	359.00 	56.00 	1472 	1728 	1384 	6 	0 	0 	0 	0 	0 	0 	0 	0 	0 
94 	236.00 	260.00 	187.00 	326.00 	365.00 	57.00 	1496 	1755 	1400 	6 	0 	0 	0 	0 	0 	0 	0 	0 	0 
95 	239.00 	264.00 	190.00 	331.00 	370.00 	57.00 	1520 	1782 	1422 	6 	0 	0 	0 	0 	0 	0 	0 	0 	0 
96 	243.00 	268.00 	193.00 	336.00 	376.00 	58.00 	1544 	1809 	1443 	6 	0 	0 	0 	0 	0 	0 	0 	0 	0 
97 	246.00 	272.00 	195.00 	341.00 	381.00 	58.00 	1560 	1836 	1465 	6 	0 	0 	0 	0 	0 	0 	0 	0 	0 
98 	250.00 	276.00 	198.00 	346.00 	387.00 	59.00 	1584 	1863 	1486 	6 	0 	0 	0 	0 	0 	0 	0 	0 	0 
99 	254.00 	280.00 	201.00 	351.00 	392.00 	59.00 	1608 	1890 	1508 	6 	0 	0 	0 	0 	0 	0 	0 	0 	0 
100 	257.00 	285.00 	204.00 	356.00 	398.00 	60.00 	1632 	1917 	1535 	6 	0 	0 	0 	0 	0 	0 	0 	0 	0 
