Target Type	Target TID	Class	Skill TID	Probability	Item Set	Skill TID	Probability	Item Set	Skill TID	Probability	Item Set
	33	knight	284	80	6	202	80	7	201	80	8
	33	ranger	284	80	6	202	80	7	201	80	8
	33	mage	284	80	6	202	80	7	201	80	8
	450	knight	284	80	1						
	450	ranger	284	80	1						
	450	mage	284	80	1						
	473	knight	284	80	168	202	80	173			
	473	ranger	284	80	168	202	80	173			
	473	mage	284	80	168	202	80	173			
	14	knight	284	80	51				201	80	52
	14	ranger	284	80	51				201	80	52
	14	mage	284	80	51				201	80	52
	452	knight	284	80	1						
	452	ranger	284	80	1						
	452	mage	284	80	1						
	504	knight	284	80	168	202	80	173			
	504	ranger	284	80	168	202	80	173			
	504	mage	284	80	168	202	80	173			
	129	knight	284	80	6	202	80	7	201	80	8
	129	ranger	284	80	6	202	80	7	201	80	8
	129	mage	284	80	6	202	80	7	201	80	8
	10	knight	284	80	9	202	80	10			
	10	ranger	284	80	9	202	80	10			
	10	mage	284	80	9	202	80	10			
	777	knight	284	80	57						
	777	ranger	284	80	57						
	777	mage	284	80	57						
	20	knight	284	80	18				201	80	20
	20	ranger	284	80	18				201	80	20
	20	mage	284	80	18				201	80	20
	31	knight	284	80	35						
	31	ranger	284	80	35						
	31	mage	284	80	35						
	648	knight	284	80	58						
	648	ranger	284	80	58						
	648	mage	284	80	58						
	11	knight	284	80	3	202	80	4			
	11	ranger	284	80	3	202	80	4			
	11	mage	284	80	3	202	80	4			
	82	knight	284	80	51				201	80	52
	82	ranger	284	80	51				201	80	52
	82	mage	284	80	51				201	80	52
	803	knight	284	80	57						
	803	ranger	284	80	57						
	803	mage	284	80	57						
	68	knight	284	80	18				201	80	20
	68	ranger	284	80	18				201	80	20
	68	mage	284	80	18				201	80	20
	120	knight	284	80	35						
	120	ranger	284	80	35						
	120	mage	284	80	35						
	117	knight	284	80	21	202	80	22	201	80	23
	117	ranger	284	80	21	202	80	22	201	80	23
	117	mage	284	80	21	202	80	22	201	80	23
	646	knight	284	80	58						
	646	ranger	284	80	58						
	646	mage	284	80	58						
	36	knight	284	80	21	202	80	22	201	80	23
	36	ranger	284	80	21	202	80	22	201	80	23
	36	mage	284	80	21	202	80	22	201	80	23
	319	knight	284	80	15	202	80	16			
	319	ranger	284	80	15	202	80	16			
	319	mage	284	80	15	202	80	16			
	715	knight	284	80	54						
	715	ranger	284	80	54						
	715	mage	284	80	54						
	119	knight	284	80	21	202	80	22	201	80	23
	119	ranger	284	80	21	202	80	22	201	80	23
	119	mage	284	80	21	202	80	22	201	80	23
	71	knight	284	80	21	202	80	22	201	80	23
	71	ranger	284	80	21	202	80	22	201	80	23
	71	mage	284	80	21	202	80	22	201	80	23
	471	knight	284	80	161	202	80	164	201	80	163
	471	ranger	284	80	161	202	80	164	201	80	163
	471	mage	284	80	161	202	80	164	201	80	163
	69	knight	284	80	116				201	80	20
	69	ranger	284	80	116				201	80	20
	69	mage	284	80	116				201	80	20
	323	knight	284	80	15	202	80	16			
	323	ranger	284	80	15	202	80	16			
	323	mage	284	80	15	202	80	16			
	89	knight	284	80	100						
	89	ranger	284	80	100						
	89	mage	284	80	100						
	640	knight	284	80	116				201	80	20
	640	ranger	284	80	116				201	80	20
	640	mage	284	80	116				201	80	20
	500	knight	284	80	162	202	80	164	201	80	163
	500	ranger	284	80	162	202	80	164	201	80	163
	500	mage	284	80	162	202	80	164	201	80	163
	275	knight	284	80	116				201	80	20
	275	ranger	284	80	116				201	80	20
	275	mage	284	80	116				201	80	20
	325	knight	284	80	15	202	80	16			
	325	ranger	284	80	15	202	80	16			
	325	mage	284	80	15	202	80	16			
	118	knight	284	80	21	202	80	22	201	80	23
	118	ranger	284	80	21	202	80	22	201	80	23
	118	mage	284	80	21	202	80	22	201	80	23
	72	knight	284	80	21	202	80	22	201	80	23
	72	ranger	284	80	21	202	80	22	201	80	23
	72	mage	284	80	21	202	80	22	201	80	23
	128	knight	284	80	136				201	80	52
	128	ranger	284	80	136				201	80	52
	128	mage	284	80	136				201	80	52
	84	knight	284	80	100						
	84	ranger	284	80	100						
	84	mage	284	80	100						
	501	knight	284	80	162	202	80	164	201	80	163
	501	ranger	284	80	162	202	80	164	201	80	163
	501	mage	284	80	162	202	80	164	201	80	163
	481	knight	284	80	162	202	80	164	201	80	163
	481	ranger	284	80	162	202	80	164	201	80	163
	481	mage	284	80	162	202	80	164	201	80	163
	505	knight	284	80	169	202	80	173			
	505	ranger	284	80	169	202	80	173			
	505	mage	284	80	169	202	80	173			
	641	knight	284	80	15	202	80	16			
	641	ranger	284	80	15	202	80	16			
	641	mage	284	80	15	202	80	16			
	451	knight	284	80	12	202	80	13	201	80	14
	451	ranger	284	80	12	202	80	13	201	80	14
	451	mage	284	80	12	202	80	13	201	80	14
	26	knight	284	80	28	202	80	29	201	80	30
	26	ranger	284	80	28	202	80	29	201	80	30
	26	mage	284	80	28	202	80	29	201	80	30
	337	knight	284	80	21	202	80	22	201	80	23
	337	ranger	284	80	21	202	80	22	201	80	23
	337	mage	284	80	21	202	80	22	201	80	23
	731	knight	284	80	56						
	731	ranger	284	80	56						
	731	mage	284	80	56						
	714	knight	284	80	53						
	714	ranger	284	80	53						
	714	mage	284	80	53						
	299	knight	284	80	106	202	80	10	201	80	11
	299	ranger	284	80	106	202	80	10	201	80	11
	299	mage	284	80	106	202	80	10	201	80	11
	32	knight	284	80	31						
	32	ranger	284	80	31						
	32	mage	284	80	31						
	121	knight	284	80	31						
	121	ranger	284	80	31						
	121	mage	284	80	31						
	37	knight	284	80	15	202	80	16			
	37	ranger	284	80	15	202	80	16			
	37	mage	284	80	15	202	80	16			
	475	knight	284	80	174				201	80	177
	475	ranger	284	80	174				201	80	177
	475	mage	284	80	174				201	80	177
	292	knight	284	80	28	202	80	29	201	80	30
	292	ranger	284	80	28	202	80	29	201	80	30
	292	mage	284	80	28	202	80	29	201	80	30
	643	knight	284	80	41	202	80	42	201	80	43
	643	ranger	284	80	41	202	80	42	201	80	43
	643	mage	284	80	41	202	80	42	201	80	43
	73	knight	284	80	31						
	73	ranger	284	80	31						
	73	mage	284	80	31						
	122	knight	284	80	31						
	122	ranger	284	80	31						
	122	mage	284	80	31						
	331	knight	284	80	15	202	80	16			
	331	ranger	284	80	15	202	80	16			
	331	mage	284	80	15	202	80	16			
	470	knight	284	80	189	202	80	193			
	470	ranger	284	80	189	202	80	193			
	470	mage	284	80	189	202	80	193			
	478	knight	284	80	182	202	80	185			
	478	ranger	284	80	182	202	80	185			
	478	mage	284	80	182	202	80	185			
	644	knight	284	80	12	202	80	13	201	80	14
	644	ranger	284	80	12	202	80	13	201	80	14
	644	mage	284	80	12	202	80	13	201	80	14
	293	knight	284	80	28	202	80	29	201	80	30
	293	ranger	284	80	28	202	80	29	201	80	30
	293	mage	284	80	28	202	80	29	201	80	30
	74	knight	284	80	31						
	74	ranger	284	80	31						
	74	mage	284	80	31						
	123	knight	284	80	31						
	123	ranger	284	80	31						
	123	mage	284	80	31						
	297	knight	284	80	15	202	80	16			
	297	ranger	284	80	15	202	80	16			
	297	mage	284	80	15	202	80	16			
	459	knight	284	80	38	202	80	39			
	459	ranger	284	80	38	202	80	39			
	459	mage	284	80	38	202	80	39			
	479	knight	284	80	165						
	479	ranger	284	80	165						
	479	mage	284	80	165						
	508	knight	284	80	174				201	80	177
	508	ranger	284	80	174				201	80	177
	508	mage	284	80	174				201	80	177
	286	knight	284	80	107	202	80	10	201	80	11
	286	ranger	284	80	107	202	80	10	201	80	11
	286	mage	284	80	107	202	80	10	201	80	11
	75	knight	284	80	126						
	75	ranger	284	80	126						
	75	mage	284	80	126						
	645	knight	284	80	55						
	645	ranger	284	80	55						
	645	mage	284	80	55						
	477	knight	284	80	178	202	80	181			
	477	ranger	284	80	178	202	80	181			
	477	mage	284	80	178	202	80	181			
	295	knight	284	80	124	202	80	29	201	80	30
	295	ranger	284	80	124	202	80	29	201	80	30
	295	mage	284	80	124	202	80	29	201	80	30
	76	knight	284	80	126						
	76	ranger	284	80	126						
	76	mage	284	80	126						
	622	knight	284	80	113	202	80	16	201	80	17
	622	ranger	284	80	113	202	80	16	201	80	17
	622	mage	284	80	113	202	80	16	201	80	17
	647	knight	284	80	58						
	647	ranger	284	80	58						
	647	mage	284	80	58						
	509	knight	284	80	175				201	80	177
	509	ranger	284	80	175				201	80	177
	509	mage	284	80	175				201	80	177
	484	knight	284	80	175				201	80	177
	484	ranger	284	80	175				201	80	177
	484	mage	284	80	175				201	80	177
	126	knight	284	80	117				201	80	20
	126	ranger	284	80	117				201	80	20
	126	mage	284	80	117				201	80	20
	294	knight	284	80	124	202	80	29	201	80	30
	294	ranger	284	80	124	202	80	29	201	80	30
	294	mage	284	80	124	202	80	29	201	80	30
	748	knight	284	80	144				201	80	65
	748	ranger	284	80	144				201	80	65
	748	mage	284	80	144				201	80	65
	804	knight	284	80	57						
	804	ranger	284	80	57						
	804	mage	284	80	57						
	326	knight	284	80	104	202	80	7	201	80	8
	326	ranger	284	80	104	202	80	7	201	80	8
	326	mage	284	80	104	202	80	7	201	80	8
	757	knight	284	80	25	202	80	26			
	757	ranger	284	80	25	202	80	26			
	757	mage	284	80	25	202	80	26			
	290	knight	284	80	124	202	80	29	201	80	30
	290	ranger	284	80	124	202	80	29	201	80	30
	290	mage	284	80	124	202	80	29	201	80	30
	805	knight	284	80	57						
	805	ranger	284	80	57						
	805	mage	284	80	57						
	515	knight	284	80	183	202	80	185	201	80	184
	515	ranger	284	80	183	202	80	185	201	80	184
	515	mage	284	80	183	202	80	185	201	80	184
	742	knight	284	80	140				201	80	67
	742	ranger	284	80	140				201	80	67
	742	mage	284	80	140				201	80	67
	296	knight	284	80	124	202	80	29	201	80	30
	296	ranger	284	80	124	202	80	29	201	80	30
	296	mage	284	80	124	202	80	29	201	80	30
	768	knight	284	80	61				201	80	62
	768	ranger	284	80	61				201	80	62
	768	mage	284	80	61				201	80	62
	125	knight	284	80	117						
	125	ranger	284	80	117						
	125	mage	284	80	117						
	301	knight	284	80	124	202	80	29	201	80	30
	301	ranger	284	80	124	202	80	29	201	80	30
	301	mage	284	80	124	202	80	29	201	80	30
	453	knight	284	80	33						
	453	ranger	284	80	33						
	453	mage	284	80	33						
	709	knight	284	80	137						
	709	ranger	284	80	137						
	709	mage	284	80	137						
	516	knight	284	80	183	202	80	185	201	80	184
	516	ranger	284	80	183	202	80	185	201	80	184
	516	mage	284	80	183	202	80	185	201	80	184
	83	knight	284	80	104	202	80	7			
	83	ranger	284	80	104	202	80	7			
	83	mage	284	80	104	202	80	7			
	13	knight	284	80	102	202	80	4	201	80	5
	13	ranger	284	80	102	202	80	4	201	80	5
	13	mage	284	80	102	202	80	4	201	80	5
	311	knight	284	80	101						
	311	ranger	284	80	101						
	311	mage	284	80	101						
	649	knight	284	80	58						
	649	ranger	284	80	58						
	649	mage	284	80	58						
	758	knight	284	80	63						
	758	ranger	284	80	63						
	758	mage	284	80	63						
	485	knight	284	80	183	202	80	185	201	80	184
	485	ranger	284	80	183	202	80	185	201	80	184
	485	mage	284	80	183	202	80	185	201	80	184
	80	knight	284	80	117						
	80	ranger	284	80	117						
	80	mage	284	80	117						
	279	knight	284	80	113	202	80	16	201	80	17
	279	ranger	284	80	113	202	80	16	201	80	17
	279	mage	284	80	113	202	80	16	201	80	17
	454	knight	284	80	33				201	80	34
	454	ranger	284	80	33				201	80	34
	454	mage	284	80	33				201	80	34
	720	knight	284	80	137						
	720	ranger	284	80	137						
	720	mage	284	80	137						
	759	knight	284	80	63						
	759	ranger	284	80	63						
	759	mage	284	80	63						
	12	knight	284	80	24						
	12	ranger	284	80	24						
	12	mage	284	80	24						
	749	knight	284	80	145				201	80	65
	749	ranger	284	80	145				201	80	65
	749	mage	284	80	145				201	80	65
	760	knight	284	80	63						
	760	ranger	284	80	63						
	760	mage	284	80	63						
	496	knight	284	80	190	202	80	193	201	80	192
	496	ranger	284	80	190	202	80	193	201	80	192
	496	mage	284	80	190	202	80	193	201	80	192
	517	knight	284	80	166						
	517	ranger	284	80	166						
	517	mage	284	80	166						
	116	knight	284	80	102	202	80	4	201	80	5
	116	ranger	284	80	102	202	80	4	201	80	5
	116	mage	284	80	102	202	80	4	201	80	5
	738	knight	284	80	156				201	80	62
	738	ranger	284	80	156				201	80	62
	738	mage	284	80	156				201	80	62
	511	knight	284	80	179	202	80	181			
	511	ranger	284	80	179	202	80	181			
	511	mage	284	80	179	202	80	181			
	78	knight	284	80	118						
	78	ranger	284	80	118						
	78	mage	284	80	118						
	18	knight	284	80	147						
	18	ranger	284	80	147						
	18	mage	284	80	147						
	34	knight	284	80	127				201	80	34
	34	ranger	284	80	127				201	80	34
	34	mage	284	80	127				201	80	34
	721	knight	284	80	138						
	721	ranger	284	80	138						
	721	mage	284	80	138						
	474	knight	284	80	170	202	80	173	201	80	172
	474	ranger	284	80	170	202	80	173	201	80	172
	474	mage	284	80	170	202	80	173	201	80	172
	127	knight	284	80	122	202	80	26	201	80	27
	127	ranger	284	80	122	202	80	26	201	80	27
	127	mage	284	80	122	202	80	26	201	80	27
	285	knight	284	80	24				201	80	69
	285	ranger	284	80	24				201	80	69
	285	mage	284	80	24				201	80	69
	457	knight	284	80	110	202	80	13			
	457	ranger	284	80	110	202	80	13			
	457	mage	284	80	110	202	80	13			
	16	knight	284	80	110	202	80	13			
	16	ranger	284	80	110	202	80	13			
	16	mage	284	80	110	202	80	13			
	39	knight	284	80	40						
	39	ranger	284	80	40						
	39	mage	284	80	40						
	518	knight	284	80	166						
	518	ranger	284	80	166						
	518	mage	284	80	166						
	512	knight	284	80	179	202	80	181			
	512	ranger	284	80	179	202	80	181			
	512	mage	284	80	179	202	80	181			
	636	knight	284	80	110	202	80	13			
	636	ranger	284	80	110	202	80	13			
	636	mage	284	80	110	202	80	13			
	283	knight	284	80	24				201	80	69
	283	ranger	284	80	24				201	80	69
	283	mage	284	80	24				201	80	69
	327	knight	284	80	101						
	327	ranger	284	80	101						
	327	mage	284	80	101						
	497	knight	284	80	190	202	80	193	201	80	192
	497	ranger	284	80	190	202	80	193	201	80	192
	497	mage	284	80	190	202	80	193	201	80	192
	506	knight	284	80	170	202	80	173	201	80	172
	506	ranger	284	80	170	202	80	173	201	80	172
	506	mage	284	80	170	202	80	173	201	80	172
	307	knight	284	80	122	202	80	26	201	80	27
	307	ranger	284	80	122	202	80	26	201	80	27
	307	mage	284	80	122	202	80	26	201	80	27
	281	knight	284	80	24				201	80	69
	281	ranger	284	80	24				201	80	69
	281	mage	284	80	24				201	80	69
	722	knight	284	80	138						
	722	ranger	284	80	138						
	722	mage	284	80	138						
	761	knight	284	80	138						
	761	ranger	284	80	138						
	761	mage	284	80	138						
	472	knight	284	80	186	202	80	164			
	472	ranger	284	80	186	202	80	164			
	472	mage	284	80	186	202	80	164			
	480	knight	284	80	166						
	480	ranger	284	80	166						
	480	mage	284	80	166						
	17	knight	284	80	44	202	80	45	201	80	46
	17	ranger	284	80	44	202	80	45	201	80	46
	17	mage	284	80	44	202	80	45	201	80	46
	284	knight	284	80	24				201	80	69
	284	ranger	284	80	24				201	80	69
	284	mage	284	80	24				201	80	69
	85	knight	284	80	40						
	85	ranger	284	80	40						
	85	mage	284	80	40						
	513	knight	284	80	179	202	80	181			
	513	ranger	284	80	179	202	80	181			
	513	mage	284	80	179	202	80	181			
	507	knight	284	80	170	202	80	173	201	80	172
	507	ranger	284	80	170	202	80	173	201	80	172
	507	mage	284	80	170	202	80	173	201	80	172
	309	knight	284	80	44	202	80	45	201	80	46
	309	ranger	284	80	44	202	80	45	201	80	46
	309	mage	284	80	44	202	80	45	201	80	46
	713	knight	284	80	157						
	713	ranger	284	80	157						
	713	mage	284	80	157						
	282	knight	284	80	120				201	80	69
	282	ranger	284	80	120				201	80	69
	282	mage	284	80	120				201	80	69
	194	knight	284	80	138						
	194	ranger	284	80	138						
	194	mage	284	80	138						
	476	knight	284	80	176						
	476	ranger	284	80	176						
	476	mage	284	80	176						
	498	knight	284	80	191	202	80	193	201	80	192
	498	ranger	284	80	191	202	80	193	201	80	192
	498	mage	284	80	191	202	80	193	201	80	192
	90	knight	284	80	123	202	80	26	201	80	27
	90	ranger	284	80	123	202	80	26	201	80	27
	90	mage	284	80	123	202	80	26	201	80	27
	335	knight	284	80	120				201	80	69
	335	ranger	284	80	120				201	80	69
	335	mage	284	80	120				201	80	69
	29	knight	284	80	132	202	80	42	201	80	43
	29	ranger	284	80	132	202	80	42	201	80	43
	29	mage	284	80	132	202	80	42	201	80	43
	86	knight	284	80	131						
	86	ranger	284	80	131						
	86	mage	284	80	131						
	502	knight	284	80	187	202	80	164			
	502	ranger	284	80	187	202	80	164			
	502	mage	284	80	187	202	80	164			
	519	knight	284	80	167						
	519	ranger	284	80	167						
	519	mage	284	80	167						
	483	knight	284	80	171	202	80	173	201	80	172
	483	ranger	284	80	171	202	80	173	201	80	172
	483	mage	284	80	171	202	80	173	201	80	172
	77	knight	284	80	103	202	80	4	201	80	5
	77	ranger	284	80	103	202	80	4	201	80	5
	77	mage	284	80	103	202	80	4	201	80	5
	499	knight	284	80	191	202	80	193	201	80	192
	499	ranger	284	80	191	202	80	193	201	80	192
	499	mage	284	80	191	202	80	193	201	80	192
	514	knight	284	80	180	202	80	181			
	514	ranger	284	80	180	202	80	181			
	514	mage	284	80	180	202	80	181			
	272	knight	284	80	105	202	80	7			
	272	ranger	284	80	105	202	80	7			
	272	mage	284	80	105	202	80	7			
	456	knight	284	80	48	202	80	49			
	456	ranger	284	80	48	202	80	49			
	456	mage	284	80	48	202	80	49			
	503	knight	284	80	187	202	80	164			
	503	ranger	284	80	187	202	80	164			
	503	mage	284	80	187	202	80	164			
	520	knight	284	80	167						
	520	ranger	284	80	167						
	520	mage	284	80	167						
	274	knight	284	80	128						
	274	ranger	284	80	128						
	274	mage	284	80	128						
	732	knight	284	80	151						
	732	ranger	284	80	151						
	732	mage	284	80	151						
	510	knight	284	80	176						
	510	ranger	284	80	176						
	510	mage	284	80	176						
	482	knight	284	80	187	202	80	164			
	482	ranger	284	80	187	202	80	164			
	482	mage	284	80	187	202	80	164			
	273	knight	284	80	105	202	80	7			
	273	ranger	284	80	105	202	80	7			
	273	mage	284	80	105	202	80	7			
	124	knight	284	80	103	202	80	4			
	124	ranger	284	80	103	202	80	4			
	124	mage	284	80	103	202	80	4			
	87	knight	284	80	108	202	80	10			
	87	ranger	284	80	108	202	80	10			
	87	mage	284	80	108	202	80	10			
	193	knight	284	80	105	202	80	7			
	193	ranger	284	80	105	202	80	7			
	193	mage	284	80	105	202	80	7			
	324	knight	284	80	128						
	324	ranger	284	80	128						
	324	mage	284	80	128						
	458	knight	284	80	114	202	80	16	201	80	17
	458	ranger	284	80	114	202	80	16	201	80	17
	458	mage	284	80	114	202	80	16	201	80	17
	336	knight	284	80	123	202	80	26	201	80	27
	336	ranger	284	80	123	202	80	26	201	80	27
	336	mage	284	80	123	202	80	26	201	80	27
	35	knight	284	80	64				201	80	71
	35	ranger	284	80	64				201	80	71
	35	mage	284	80	64				201	80	71
	5	knight	284	80	64				201	80	71
	5	ranger	284	80	64				201	80	71
	5	mage	284	80	64				201	80	71
	743	knight	284	80	141						
	743	ranger	284	80	141						
	743	mage	284	80	141						
	521	knight	284	80	194						
	521	ranger	284	80	194						
	521	mage	284	80	194						
	531	knight	284	80	194						
	531	ranger	284	80	194						
	531	mage	284	80	194						
	305	knight	284	80	64				201	80	71
	305	ranger	284	80	64				201	80	71
	305	mage	284	80	64				201	80	71
	302	knight	284	80	64				201	80	71
	302	ranger	284	80	64				201	80	71
	302	mage	284	80	64				201	80	71
	19	knight	284	80	108	202	80	10			
	19	ranger	284	80	108	202	80	10			
	19	mage	284	80	108	202	80	10			
	288	knight	284	80	114	202	80	16	201	80	17
	288	ranger	284	80	114	202	80	16	201	80	17
	288	mage	284	80	114	202	80	16	201	80	17
	24	knight	284	80	130	202	80	39			
	24	ranger	284	80	130	202	80	39			
	24	mage	284	80	130	202	80	39			
	522	knight	284	80	194						
	522	ranger	284	80	194						
	522	mage	284	80	194						
	532	knight	284	80	194						
	532	ranger	284	80	194						
	532	mage	284	80	194						
	304	knight	284	80	64				201	80	71
	304	ranger	284	80	64				201	80	71
	304	mage	284	80	64				201	80	71
	332	knight	284	80	64				201	80	71
	332	ranger	284	80	64				201	80	71
	332	mage	284	80	64				201	80	71
	310	knight	284	80	148						
	310	ranger	284	80	148						
	310	mage	284	80	148						
	298	knight	284	80	114	202	80	16	201	80	17
	298	ranger	284	80	114	202	80	16	201	80	17
	298	mage	284	80	114	202	80	16	201	80	17
	524	knight	284	80	196						
	524	ranger	284	80	196						
	524	mage	284	80	196						
	534	knight	284	80	196						
	534	ranger	284	80	196						
	534	mage	284	80	196						
	525	knight	284	80	131						
	525	ranger	284	80	131						
	525	mage	284	80	131						
	535	knight	284	80	131						
	535	ranger	284	80	131						
	535	mage	284	80	131						
	756	knight	284	80	123	202	80	26			
	756	ranger	284	80	123	202	80	26			
	756	mage	284	80	123	202	80	26			
	637	knight	284	80	64				201	80	71
	637	ranger	284	80	64				201	80	71
	637	mage	284	80	64				201	80	71
	308	knight	284	80	114	202	80	16	201	80	17
	308	ranger	284	80	114	202	80	16	201	80	17
	308	mage	284	80	114	202	80	16	201	80	17
	807	knight	284	80	160				201	80	71
	807	ranger	284	80	160				201	80	71
	807	mage	284	80	160				201	80	71
	22	knight	284	80	160				201	80	71
	22	ranger	284	80	160				201	80	71
	22	mage	284	80	160				201	80	71
	733	knight	284	80	152						
	733	ranger	284	80	152						
	733	mage	284	80	152						
	650	knight	284	80	109	202	80	10			
	650	ranger	284	80	109	202	80	10			
	650	mage	284	80	109	202	80	10			
	315	knight	284	80	114	202	80	16	201	80	17
	315	ranger	284	80	114	202	80	16	201	80	17
	315	mage	284	80	114	202	80	16	201	80	17
	289	knight	284	80	125	202	80	29			
	289	ranger	284	80	125	202	80	29			
	289	mage	284	80	125	202	80	29			
	523	knight	284	80	195						
	523	ranger	284	80	195						
	523	mage	284	80	195						
	533	knight	284	80	195						
	533	ranger	284	80	195						
	533	mage	284	80	195						
	79	knight	284	80	119						
	79	ranger	284	80	119						
	79	mage	284	80	119						
	751	knight	284	80	146						
	751	ranger	284	80	146						
	751	mage	284	80	146						
	754	knight	284	80	139						
	754	ranger	284	80	139						
	754	mage	284	80	139						
	526	knight	284	80	115	202	80	16	201	80	17
	526	ranger	284	80	115	202	80	16	201	80	17
	526	mage	284	80	115	202	80	16	201	80	17
	537	knight	284	80	115	202	80	16	201	80	17
	537	ranger	284	80	115	202	80	16	201	80	17
	537	mage	284	80	115	202	80	16	201	80	17
	723	knight	284	80	36						
	723	ranger	284	80	36						
	723	mage	284	80	36						
	316	knight	284	80	59				201	80	60
	316	ranger	284	80	59				201	80	60
	316	mage	284	80	59				201	80	60
	291	knight	284	80	125	202	80	29			
	291	ranger	284	80	125	202	80	29			
	291	mage	284	80	125	202	80	29			
	527	knight	284	80	115	202	80	16	201	80	17
	527	ranger	284	80	115	202	80	16	201	80	17
	527	mage	284	80	115	202	80	16	201	80	17
	536	knight	284	80	115	202	80	16	201	80	17
	536	ranger	284	80	115	202	80	16	201	80	17
	536	mage	284	80	115	202	80	16	201	80	17
	81	knight	284	80	119						
	81	ranger	284	80	119						
	81	mage	284	80	119						
	321	knight	284	80	121						
	321	ranger	284	80	121						
	321	mage	284	80	121						
	630	knight	284	80	111	202	80	13			
	630	ranger	284	80	111	202	80	13			
	630	mage	284	80	111	202	80	13			
	529	knight	284	80	139						
	529	ranger	284	80	139						
	529	mage	284	80	139						
	539	knight	284	80	139						
	539	ranger	284	80	139						
	539	mage	284	80	139						
	632	knight	284	80	115	202	80	16	201	80	17
	632	ranger	284	80	115	202	80	16	201	80	17
	632	mage	284	80	115	202	80	16	201	80	17
	334	knight	284	80	119						
	334	ranger	284	80	119						
	334	mage	284	80	119						
	726	knight	284	80	36						
	726	ranger	284	80	36						
	726	mage	284	80	36						
	750	knight	284	80	146						
	750	ranger	284	80	146						
	750	mage	284	80	146						
	755	knight	284	80	139						
	755	ranger	284	80	139						
	755	mage	284	80	139						
	528	knight	284	80	115	202	80	16	201	80	17
	528	ranger	284	80	115	202	80	16	201	80	17
	528	mage	284	80	115	202	80	16	201	80	17
	538	knight	284	80	115	202	80	16	201	80	17
	538	ranger	284	80	115	202	80	16	201	80	17
	538	mage	284	80	115	202	80	16	201	80	17
	338	knight	284	80	121						
	338	ranger	284	80	121						
	338	mage	284	80	121			
	744	knight	284	80	142			
	744	ranger	284	80	142			
	744	mage	284	80	142			
	530	knight	284	80	111	202	80	13
	530	ranger	284	80	111	202	80	13
	530	mage	284	80	111	202	80	13
	540	knight	284	80	111	202	80	13
	540	ranger	284	80	111	202	80	13
	540	mage	284	80	111	202	80	13
	136	knight	284	80	47			
	136	ranger	284	80	47			
	136	mage	284	80	47			
	469	knight	284	80	195			
	469	ranger	284	80	195			
	469	mage	284	80	195			
	314	knight	284	80	149
	314	ranger	284	80	149
	314	mage	284	80	149
	727	knight	284	80	36
	727	ranger	284	80	36
	727	mage	284	80	36
	752	knight	284	80	146
	752	ranger	284	80	146
	752	mage	284	80	146
	23	knight	284	80	47
	23	ranger	284	80	47
	23	mage	284	80	47
	544	knight	284	80	195
	544	ranger	284	80	195
	544	mage	284	80	195
	545	knight	284	80	195
	545	ranger	284	80	195			
	545	mage	284	80	195			
	559	knight	284	80	139			
	559	ranger	284	80	139			
	559	mage	284	80	139			
	561	knight	284	80	152			
	561	ranger	284	80	152			
	561	mage	284	80	152			
	328	knight	284	80	109	202	80	10
	328	ranger	284	80	109	202	80	10
	328	mage	284	80	109	202	80	10
	716	knight	284	80	146			
	716	ranger	284	80	146			
	716	mage	284	80	146			
	330	knight	284	80	149			
	330	ranger	284	80	149			
	330	mage	284	80	149						
	730	knight	284	80	36						
	730	ranger	284	80	36						
	730	mage	284	80	36						
	320	knight	284	80	47						
	320	ranger	284	80	47						
	320	mage	284	80	47						
	753	knight	284	80	139						
	753	ranger	284	80	139						
	753	mage	284	80	139						
	546	knight	284	80	195						
	546	ranger	284	80	195						
	546	mage	284	80	195						
	547	knight	284	80	195						
	547	ranger	284	80	195						
	547	mage	284	80	195						
	551	knight	284	80	115	202	80	16	201	80	17
	551	ranger	284	80	115	202	80	16	201	80	17
	551	mage	284	80	115	202	80	16	201	80	17
	556	knight	284	80	199	202	80	7			
	556	ranger	284	80	199	202	80	7			
	556	mage	284	80	199	202	80	7			
	560	knight	284	80	139						
	560	ranger	284	80	139						
	560	mage	284	80	139						
	562	knight	284	80	152						
	562	ranger	284	80	152						
	562	mage	284	80	152						
	728	knight	284	80	129						
	728	ranger	284	80	129						
	728	mage	284	80	129						
	710	knight	284	80	134	202	80	49	201	80	50
	710	ranger	284	80	134	202	80	49	201	80	50
	710	mage	284	80	134	202	80	49	201	80	50
	711	knight	284	80	139						
	711	ranger	284	80	139						
	711	mage	284	80	139						
	548	knight	284	80	197						
	548	ranger	284	80	197						
	548	mage	284	80	197						
	552	knight	284	80	198	202	80	16	201	80	17
	552	ranger	284	80	198	202	80	16	201	80	17
	552	mage	284	80	198	202	80	16	201	80	17
	557	knight	284	80	200	202	80	7			
	557	ranger	284	80	200	202	80	7			
	557	mage	284	80	200	202	80	7			
	564	knight	284	80	153						
	564	ranger	284	80	153						
	564	mage	284	80	153						
	287	knight	284	80	150						
	287	ranger	284	80	150						
	287	mage	284	80	150						
	729	knight	284	80	129						
	729	ranger	284	80	129						
	729	mage	284	80	129						
	333	knight	284	80	133						
	333	ranger	284	80	133						
	333	mage	284	80	133						
	734	knight	284	80	153						
	734	ranger	284	80	153						
	734	mage	284	80	153						
	549	knight	284	80	197						
	549	ranger	284	80	197						
	549	mage	284	80	197						
	553	knight	284	80	198	202	80	16	201	80	17
	553	ranger	284	80	198	202	80	16	201	80	17
	553	mage	284	80	198	202	80	16	201	80	17
	554	knight	284	80	198	202	80	16	201	80	17
	554	ranger	284	80	198	202	80	16	201	80	17
	554	mage	284	80	198	202	80	16	201	80	17
	565	knight	284	80	153						
	565	ranger	284	80	153						
	565	mage	284	80	153						
	846	knight	284	80	200	202	80	7			
	846	ranger	284	80	200	202	80	7			
	846	mage	284	80	200	202	80	7			
	847	knight	284	80	201						
	847	ranger	284	80	201						
	847	mage	284	80	201						
	27	knight	284	80	150						
	27	ranger	284	80	150						
	27	mage	284	80	150						
	269	knight	284	80	129						
	269	ranger	284	80	129						
	269	mage	284	80	129						
	135	knight	284	80	133						
	135	ranger	284	80	133						
	135	mage	284	80	133						
	313	knight	284	80	155				201	80	60
	313	ranger	284	80	155				201	80	60
	313	mage	284	80	155				201	80	60
	566	knight	284	80	153						
	566	ranger	284	80	153						
	566	mage	284	80	153						
	848	knight	284	80	202				201	80	34
	848	ranger	284	80	202				201	80	34
	848	mage	284	80	202				201	80	34
	832	knight	284	80	242						
	832	ranger	284	80	242						
	832	mage	284	80	242						
	737	knight	284	80	154						
	737	ranger	284	80	154						
	737	mage	284	80	154						
	849	knight	284	80	203						
	849	ranger	284	80	203						
	849	mage	284	80	203						
	850	knight	284	80	201						
	850	ranger	284	80	201						
	850	mage	284	80	201						
	736	knight	284	80	154						
	736	ranger	284	80	154						
	736	mage	284	80	154						
	718	knight	284	80	135	202	80	49	201	80	50
	718	ranger	284	80	135	202	80	49	201	80	50
	718	mage	284	80	135	202	80	49	201	80	50
	851	knight	284	80	202				201	80	34
	851	ranger	284	80	202				201	80	34
	851	mage	284	80	202				201	80	34
	852	knight	284	80	203						
	852	ranger	284	80	203						
	852	mage	284	80	203						
	724	knight	284	80	154						
	724	ranger	284	80	154						
	724	mage	284	80	154						
	745	knight	284	80	143						
	745	ranger	284	80	143						
	745	mage	284	80	143						
	739	knight	284	80	158						
	739	ranger	284	80	158						
	739	mage	284	80	158						
	853	knight	284	80	201						
	853	ranger	284	80	201						
	853	mage	284	80	201						
	854	knight	284	80	204				201	80	177
	854	ranger	284	80	204				201	80	177
	854	mage	284	80	204				201	80	177
	746	knight	284	80	143						
	746	ranger	284	80	143						
	746	mage	284	80	143						
	855	knight	284	80	204						
	855	ranger	284	80	204						
	855	mage	284	80	204						
	856	knight	284	80	205				201	80	71
	856	ranger	284	80	205				201	80	71
	856	mage	284	80	205				201	80	71
	740	knight	284	80	158						
	740	ranger	284	80	158						
	740	mage	284	80	158						
	747	knight	284	80	143						
	747	ranger	284	80	143						
	747	mage	284	80	143						
	816	knight	284	80	208	202	80	209	201	80	210
	816	ranger	284	80	208	202	80	209	201	80	210
	816	mage	284	80	208	202	80	209	201	80	210
	857	knight	284	80	205				201	80	71
	857	ranger	284	80	205				201	80	71
	857	mage	284	80	205				201	80	71
	741	knight	284	80	158						
	741	ranger	284	80	158						
	741	mage	284	80	158						
	712	knight	284	80	159						
	712	ranger	284	80	159						
	712	mage	284	80	159						
	858	knight	284	80	205				201	80	71
	858	ranger	284	80	205				201	80	71
	858	mage	284	80	205				201	80	71
	725	knight	284	80	158						
	725	ranger	284	80	158						
	725	mage	284	80	158						
	826	knight	284	80	208	202	80	209	201	80	210
	826	ranger	284	80	208	202	80	209	201	80	210
	826	mage	284	80	208	202	80	209	201	80	210
	859	knight	284	80	204				201	80	177
	859	ranger	284	80	204				201	80	177
	859	mage	284	80	204				201	80	177
	860	knight	284	80	205				201	80	71
	860	ranger	284	80	205				201	80	71
	860	mage	284	80	205				201	80	71
	303	knight	284	80	159						
	303	ranger	284	80	159						
	303	mage	284	80	159						
	717	knight	284	80	159						
	717	ranger	284	80	159						
	717	mage	284	80	159						
	861	knight	284	80	213						
	861	ranger	284	80	213						
	861	mage	284	80	213						
	862	knight	284	80	206						
	862	ranger	284	80	206						
	862	mage	284	80	206						
	828	knight	284	80	208	202	80	209	201	80	210
	828	ranger	284	80	208	202	80	209	201	80	210
	828	mage	284	80	208	202	80	209	201	80	210
	833	knight	284	80	207						
	833	ranger	284	80	207						
	833	mage	284	80	207						
	863	knight	284	80	204				201	80	177
	863	ranger	284	80	204				201	80	177
	863	mage	284	80	204				201	80	177
	38	knight	284	80	112	202	80	13			
	38	ranger	284	80	112	202	80	13			
	38	mage	284	80	112	202	80	13			
	864	knight	284	80	213						
	864	ranger	284	80	213						
	864	mage	284	80	213						
	865	knight	284	80	206						
	865	ranger	284	80	206						
	865	mage	284	80	206						
	866	knight	284	80	198	202	80	16	201	80	17
	866	ranger	284	80	198	202	80	16	201	80	17
	866	mage	284	80	198	202	80	16	201	80	17
	829	knight	284	80	208	202	80	209	201	80	210
	829	ranger	284	80	208	202	80	209	201	80	210
	829	mage	284	80	208	202	80	209	201	80	210
	867	knight	284	80	222						
	867	ranger	284	80	222						
	867	mage	284	80	222						
	830	knight	284	80	207						
	830	ranger	284	80	207						
	830	mage	284	80	207						
	868	knight	284	80	158						
	868	ranger	284	80	158						
	868	mage	284	80	158						
	869	knight	284	80	218				201	80	60
	869	ranger	284	80	218				201	80	60
	869	mage	284	80	218				201	80	60
	802	knight	284	80	207						
	802	ranger	284	80	207						
	802	mage	284	80	207						
	815	knight	284	80	211				201	80	212
	815	ranger	284	80	211				201	80	212
	815	mage	284	80	211				201	80	212
	870	knight	284	80	227						
	870	ranger	284	80	227						
	870	mage	284	80	227						
	827	knight	284	80	208	202	80	209	201	80	210
	827	ranger	284	80	208	202	80	209	201	80	210
	827	mage	284	80	208	202	80	209	201	80	210
	809	knight	284	80	208						
	809	ranger	284	80	208						
	809	mage	284	80	208						
	871	knight	284	80	225	202	80	185	201	80	184
	871	ranger	284	80	225	202	80	185	201	80	184
	871	mage	284	80	225	202	80	185	201	80	184
	838	knight	284	80	211				201	80	212
	838	ranger	284	80	211				201	80	212
	838	mage	284	80	211				201	80	212
	831	knight	284	80	207						
	831	ranger	284	80	207						
	831	mage	284	80	207						
	872	knight	284	80	216	202	80	45	201	80	46
	872	ranger	284	80	216	202	80	45	201	80	46
	872	mage	284	80	216	202	80	45	201	80	46
	873	knight	284	80	225	202	80	185	201	80	184
	873	ranger	284	80	225	202	80	185	201	80	184
	873	mage	284	80	225	202	80	185	201	80	184
	874	knight	284	80	217				201	80	8
	874	ranger	284	80	217				201	80	8
	874	mage	284	80	217				201	80	8
	840	knight	284	80	211				201	80	212
	840	ranger	284	80	211				201	80	212
	840	mage	284	80	211				201	80	212
	657	knight	284	80	215						
	657	ranger	284	80	215						
	657	mage	284	80	215						
	875	knight	284	80	225	202	80	185			
	875	ranger	284	80	225	202	80	185			
	875	mage	284	80	225	202	80	185			
	876	knight	284	80	219						
	876	ranger	284	80	219						
	876	mage	284	80	219						
	839	knight	284	80	211				201	80	212
	839	ranger	284	80	211				201	80	212
	839	mage	284	80	211				201	80	212
	877	knight	284	80	223						
	877	ranger	284	80	223						
	877	mage	284	80	223						
	878	knight	284	80	217				201	80	8
	878	ranger	284	80	217				201	80	8
	878	mage	284	80	217				201	80	8
	841	knight	284	80	211				201	80	212
	841	ranger	284	80	211				201	80	212
	841	mage	284	80	211				201	80	212
	656	knight	284	80	211				201	80	212
	656	ranger	284	80	211				201	80	212
	656	mage	284	80	211				201	80	212
	879	knight	284	80	221	202	80	16	201	80	17
	879	ranger	284	80	221	202	80	16	201	80	17
	879	mage	284	80	221	202	80	16	201	80	17
	880	knight	284	80	224	202	80	181			
	880	ranger	284	80	224	202	80	181			
	880	mage	284	80	224	202	80	181			
	881	knight	284	80	214						
	881	ranger	284	80	214						
	881	mage	284	80	214						
	882	knight	284	80	226						
	882	ranger	284	80	226						
	882	mage	284	80	226						
	845	knight									
	845	ranger									
	845	mage									
	883	knight	284	80	219						
	883	ranger	284	80	219						
	883	mage	284	80	219						
	884	knight	284	80	220				201	80	163
	884	ranger	284	80	220				201	80	163
	884	mage	284	80	220				201	80	163
	885	knight	284	80	220				201	80	163
	885	ranger	284	80	220				201	80	163
	885	mage	284	80	220				201	80	163
	929	knight	284	80	228						
	929	ranger	284	80	228						
	929	mage	284	80	228						
	921	knight	284	80	230				201	80	229
	921	ranger	284	80	230				201	80	229
	921	mage	284	80	230				201	80	229
	926	knight	284	80	231				201	80	232
	926	ranger	284	80	231				201	80	232
	926	mage	284	80	231				201	80	232
	930	knight	284	80	228						
	930	ranger	284	80	228						
	930	mage	284	80	228						
	925	knight	284	80	233						
	925	ranger	284	80	233						
	925	mage	284	80	233						
	923	knight	284	80	234	202	80	235	201	80	236
	923	ranger	284	80	234	202	80	235	201	80	236
	923	mage	284	80	234	202	80	235	201	80	236
	915	knight	284	80	230				201	80	229
	915	ranger	284	80	230				201	80	229
	915	mage	284	80	230				201	80	229
	922	knight	284	80	233						
	922	ranger	284	80	233						
	922	mage	284	80	233						
	1209	knight				202	80	237	201	80	238
	1209	ranger				202	80	237	201	80	238
	1209	mage				202	80	237	201	80	238
	889	knight	284	80	234	202	80	235	201	80	236
	889	ranger	284	80	234	202	80	235	201	80	236
	889	mage	284	80	234	202	80	235	201	80	236
	895	knight	284	80	228						
	895	ranger	284	80	228						
	895	mage	284	80	228						
	899	knight	284	80	230				201	80	229
	899	ranger	284	80	230				201	80	229
	899	mage	284	80	230				201	80	229
	924	knight	284	80	231				201	80	232
	924	ranger	284	80	231				201	80	232
	924	mage	284	80	231				201	80	232
	1208	knight				202	80	237	201	80	238
	1208	ranger				202	80	237	201	80	238
	1208	mage				202	80	237	201	80	238
	914	knight	284	80	233						
	914	ranger	284	80	233						
	914	mage	284	80	233						
	897	knight	284	80	231				201	80	232
	897	ranger	284	80	231				201	80	232
	897	mage	284	80	231				201	80	232
	928	knight	284	80	239				201	80	240
	928	ranger	284	80	239				201	80	240
	928	mage	284	80	239				201	80	240
	931	knight				202	80	237	201	80	238
	931	ranger				202	80	237	201	80	238
	931	mage				202	80	237	201	80	238
	888	knight	284	80	239				201	80	240
	888	ranger	284	80	239				201	80	240
	888	mage	284	80	239				201	80	240
	920	knight	284	80	241						
	920	ranger	284	80	241
	920	mage	284	80	241
	917	knight			
	917	ranger			
	917	mage			
	919	knight			
	919	ranger			
	919	mage			
	918	knight			
	918	ranger			
	918	mage			
	909	knight			
	909	ranger			
	909	mage			
	910	knight			
	910	ranger			
	910	mage		
	911	knight		
	911	ranger		
	911	mage		
	902	knight		
	902	ranger		
	902	mage		
	913	knight		
	913	ranger		
	913	mage		
	912	knight		
	912	ranger		
	912	mage		
	900	knight		
	900	ranger		
	900	mage		
	901	knight
	901	ranger
	901	mage
	904	knight
	904	ranger
	904	mage
	907	knight
	907	ranger
	907	mage
	908	knight
	908	ranger
	908	mage
	906	knight
	906	ranger
	906	mage
	903	knight
	903	ranger
	903	mage
	927	knight
	927	ranger
	927	mage
	916	knight
	916	ranger
	916	mage
		
		
		
		
		
		
